20 220
...T..............T...T..T....T.....T.........T.......T....T.T....T.T.....T.......T..T..TT..T...T.T....T..T....T.T...T....T...T..T.T...T.....T...T..T..............T....T.T.T.....T.T.TT...TT....T.TT.....T...T...T.....TT.. 54
......T..T...T...T.......T.......TT........T.T..T....TT...T...T...T.....T.....T...T.............T....T......T...T............T.T.....T.....T...T........T.............T.T......T....T....T....T.......T..TT....T....T.T....T 34
.....T........T....T.......T..........TT.....T...................T................T...........T....T.T............T..T............T.T.T.....T.................T...T............T.T...........T...T....T....T........T....... 39
........T..T........T.........T.....T..T...T.....T.....T....T.T.T..T..TT................T.TT.....T..........T..T...TT......T..T...................TT.........T.......T....T................T.........T..T.T..T..T...T....... 30
.....................T.T....T....TT..T.....T...T..................T....T.......T.T..T........TT.....T..T....T....T.........T.....T..T..TT....T......T.................T..T.........T....T.....T..T...........T.T............ 35
T..........T.T....T...........T....T...........T.....T.T....TT........T...T..T....TT..T....T....T...........T......T...............T......T....T...............T..T..............T....T..T.....T...T.......T...............T 30
...............T...T...T...T........T...T.....T.....T.....T...T..T.T.......T..T...T.T...T..............T.............T..................T.T..T...TT.T.....T...........T....T.......T.........T....T.....TT...T........T....T 40
T...T.....TT.....T...T...T....TT..........T.....T.T...T..........T...T............T............T.T....T....T..T............................T.T..........T.....T...............T..T.........T.......T..T................T.... 23
.................T.............T........T.T......TT.......T.........T.....T..TT...........T.T.......T......T.....TT....T............T......T.T.....TT.......T..T......T......T..........T...T...T...........T............T.. 41
..........T...........T..T......T..TT.....T...T....T.......T....T......T..T.........T..TTT.......T.T.....T..T......T..................T.T...T...T..........T..T.T.........T.T..........TT.T...T..T.TT....................... 25
...........T.........T......T.T...T...TT.....T.T.........T..TT.....T.T....T........T.....T...T........T.......T..........T...T......T........T...........T..............T.....T..................T.....T..........T......... 42
T..........T.T.T............T.................T...........T.....T......T.....T...T.....T......TT.......T......T...T.......T............T.T.....T..TTT.T....T.T..........T........TT........T.......T....................T..T 33
...............T..T....T.TTT.........T.T...T...T..T.T..........T..T.T......T..........T..TT....T...T....T.......TT....T............T.T.T........T............T.T.T.T...........T.......T.T....T......T....T.....T..T.T...... 35
.T.................TT.T....T........T........T................T........T.......T..T..T..........T..T......T.T......T..........................T........T...T.T.......T........T......T...T....T.....T....T.TT..T....T.....T. 42
.....T..T...T.....T...............TT..TT...T....T....T.T....T..T......T..T....T.......T..T.....T..............T......T.......T...............T....T.TT...............T..T.....T...T........T.......T..T................T..T. 32
..........T.....T....T.T...................T.T.T............TT....T.T..T.......T..T.T...............TT...T.T.....T..........T.T...TT............T......T..T.T...T.T..T...........T...T.T....T.T..T......T........T.......... 38
T.....T....T.T....T..T..T.......T...T...............TTT.................T.T.....T..........T..T...T.....T....TT.T................T................T............T.....TT.T...............T.T.......T......T..T..T....TT.....T 34
.T..T...T....T........T.............TT...T......T......T...........T...T.T.T........TT............T.T...T......T..T....T.......T.......T..T....T.....T........T................T...T...T..T...T.......T.....T............... 40
T........T............................T.T.......T.T........TT..T..............T............T......T....TT............T...T....T.........T.T....T......T..T.T..T..........T...T..........T......T...T...T.T.........T......TT 30
.......TT......T.T.T.........T.TT..........TT.T......T....T....T..T.T.T...T...T.T......T.T..T..T...T......T..T...T....TT...T...T.T.TT.T.........T.T...T.T.T.......T.T.......T.T...T...T.....T..T.T.TT.T......T............T. 58
7 0 0 0 2 2 3 1 3 2 6 1 6 3 1 5 1 6 2 3 6 3 2 5 3 3 1 3 4 4 2 2 4 2 3 4 5 3 6 2 6 1 7 2 4 5 1 7 2 6 2 5 3 3 1 4 3 1 5 3 6 3 5 3 4 4 3 5 3 5 4 3 6 3 4 4 0 4 1 5 4 4 3 5 4 3 5 3 2 6 2 5 3 4 4 4 4 4 3 3 5 4 3 6 0 5 1 4 4 4 5 3 6 3 6 2 4 3 2 2 1 1 0 3 4 3 4 1 4 1 6 1 7 1 3 4 4 3 3 2 3 4 4 2 5 2 6 4 4 5 3 2 2 2 3 4 2 2 7 1 5 0 4 1 4 2 4 4 4 3 2 2 1 3 3 4 4 4 5 3 1 4 0 7 1 7 2 6 2 6 4 4 5 4 1 8 0 9 1 4 3 5 4 2 4 3 4 2 3 3 1 5 0 4 1 2 1 3 3 7 
