20 100
......T.T.....T.....T...T........T...TT.T.T.T...T..T.T..T....T.T......T...T.......T...T.T..T........ 25
.TT....T........T...T.....T.T.T...............T..........T.T......T..........T.T...........T..T..T.. 19
....T.....TT..........T.....T.......T...T..T......T....T............T...T..T.....T.........T.T.T...T 21
TT......T..T..T...T.....T..T........T.......TTT...T.T......T..T..T.T..T......T......T.T......T.....T 23
.............T..T.....T.......T..TT.....T.T..............T..........T....T....T..TT..T..T..T..T..... 14
TT...T..TT.....T....T....T.T..T.....T..T.T...........T......T....T............T.TT..T....T.......... 22
...........T.....TT..T.T......T.T..T.T.........T..T.T......T.....T.T..TT...T.......T.T........T..... 17
.....T....................T......T................T....T.T..T..T...................T......T....T.T.T 17
..T...T.......T.....T.T...TT......T.....T.T..TT.....T..........T.....T....T.T.......T...TT.T.T...TT. 21
.....T...T.TT..T...TT.T.........T...........T...T..T..T..T.....T...T.......T...T.................... 20
.T..T...T.....T..................T...T....T..T......T....T....T........TT.T........T..TT....T....... 16
TT...........TTT........TT.T..T....T....TT.........T..TT..T.T..T...TT........T...T......TT.T.T...... 23
......T..T..............T............T........T.T......T.............T..T....T..............T..T..T. 17
T...T....T........T...T...T.........T..T...T..................T.....T....T..T.T..................T.. 18
..T....T.....TT....TT........T...TT.........T..T..T...T..TT....T......T.T.T.......T..T..T.T..T.TT.T. 23
...T.......TT........T...T.....T.....T...T.............T.T.....T..T.............T..T....T.........T. 12
.T...T..T.........TT......T...T.TTT...T....T...T..T...T....T...T.....T........T.....TT...T....T..... 30
.T.....T.......T........T..........T.T......T......T...........T...T..T.............T..T............ 12
..........T.....T...T....T...TT..T.......T..T............................T.T...T.............T.T...T 15
....TT..T..T..T.......TT..T.......T.....T.....TT...T.T.T..T.T.T....TT.T.T..T.T.....T.T...T.T.....T.. 27
6 4 3 3 4 3 5 2 6 3 5 2 6 2 5 2 6 2 5 2 6 2 6 2 6 3 4 4 3 5 2 6 2 7 1 7 1 8 0 9 0 4 5 4 3 6 2 4 4 3 5 3 5 4 4 3 6 2 4 4 4 4 4 4 4 2 7 0 7 2 3 5 4 5 4 3 5 3 3 2 6 1 6 3 5 3 5 3 6 2 7 2 5 4 5 3 5 2 5 4 
