20 30
.T.T.....T....T....T.......... 9
..T.....T........T.T...TT..T.T 3
.T.............T.....T...T..T. 7
.....T..T..TTT.........T...... 6
.T.............T....T....T.T.. 3
....T.............T....T...... 6
..T...TT.....T..............TT 4
.T...T...T....T.T...........T. 7
..................TT..T..T..T. 4
....T....T..T....T......T..... 7
....T.T......T..T....TT...T... 5
.T..T.......TT..T.T.....T..T.. 4
T..T.....T...............T...T 7
.....T....T................... 4
.TT....TT....T.....T....T...T. 7
..........T....T....T......... 5
......T...T..T..T........T...T 4
.T.....T...T.....T.T.........T 5
.T.......T...T.......T......T. 8
...T.T.....T......T.T.T..T.... 6
5 3 6 3 2 4 2 5 2 3 4 3 4 2 7 1 6 2 5 4 3 4 2 4 2 6 3 5 2 7 
