20 180
.T..T..T.T..T...T...T....T.T..T.T.....T.T....T.......T..................T..T..T.T...T..TT.....T.T.......T.......T.........TT..TT.T...T..T.T..T..T.T.TTT.....TT......T...T......T.T.. 45
.................T......T...........T..T...T....T.....T..T.T...T...T........T...............T.........T.....T.T....T....T...T...T..T.....T..T......T....T.......T.......T..T..T.T... 28
...T.TT....TT.T...TT.T....T............T.......T..T..............T..........................................T..T...T..........................T...T...............T.......T......T.. 25
.........T...........T.....T...TT.T.....T.T...........T..........T.....T.T..........T.......T............T.....T.......T...............T....T......T...T..........................T. 26
.T.T..T.........T...........T.....T...T.....T....T......T...........T....T.....T....TT..T.......T................T....T..........T.T.T.........T........TT...................T.T.... 28
......T....T.T....................T.....T.T....T...............T.T............T......T....T......T.T.....T....T..T.....T..TT..T.................T...T....T..T.........T..T.........T 22
...T........................T..T......T........T...T....................T..........T....T.......................T...T.......T...T....T..T.T..T.T....T..............T..T............. 23
...T..................T....T....T...T.......T.T.......T......T..T..........T.........T..............T........T....T................T...T..T.......T.........T....................T.. 27
T.T..........................T.T...TT.TT....T.....T........T.....T....T................T..T.........T.T..T...T......T....T.T...........T.........T...T.......T......TT.T.......T.... 25
..........................T.T.....T..T....T......T......T...T...............T...TT.....T..T....T....T.........TT......TT..T..T...........T...T....T...T.T...T.T.T................... 26
.T..T...T.............T.......T..........T.....TT....T....T....T.T.T...........T...T.T......T.....T.......T........T.T........T........T...T.........T...T.......TT.T.T..........T.. 32
...T.T............T........T.....T...T..T.....T......T.......T..T.....T............T.........T...........T..T..T....T..T....T.T.....T....T..T..T.T.T.................T..T....T...... 27
T...T..T....T.T...TT.....T...T....T......T...T....T.T.T.....T.....T....T...T..T........TT.......T.....T..........T......T.............T......T.........T....T..T.T......T........... 40
.....T....T.T.........T.......T.....T..T........T..T.T........T......TT.......T.....T...T...T..........T......T.......T..TT....T..........T..T.TT..T.......T.....TT..........T..T.T. 26
..T.............................T......T.T..T....T.......T....T......T....T.....TT..T......T.......T.......T...TT...T...T......T....T.T.T..T.....T.....T..T........T..T...........T. 30
.....T..TT.........T..TT...T..T...............T....T....T..............T.............T...T......T.............T............T...T..T.....T....T.......T..TT...........T.........T.T.. 31
T...T.T..T.T................T.....T.TT..T..T.T...T....T.....T..............T....T........................T.T....T....T................T..T......T.T.T.....TT...........T......T..T.. 32
......T...........T..TT.T...T...T..T......T.T...T.....T....T.TT..TT..T......T.......T.T..........TT..T.....T........TT...T.......T......T................T..T...T...T............... 32
T...T....................................T....TT...TT....T..TT...........T.T..T.T......T.T..T......T..........T...T...T......T..TT....TTT....T.T..T....T..T...T...T........T.T.T.T.. 26
...T...T.T..T.T.T...T..TT.......TT..T...T.T.....T.......T........TT.T...T....T...TT.T...T......T............T......T.....T.T..T......T.....T..T........T.......T...T.T.T............ 53
2 5 3 3 7 2 5 2 5 2 5 2 3 3 0 4 1 4 0 6 1 2 4 3 2 5 4 2 6 0 3 6 3 6 3 5 3 4 5 4 5 4 5 4 2 6 1 8 1 7 2 6 2 4 2 7 1 3 1 3 5 1 3 5 3 3 6 0 3 2 3 6 2 2 3 1 5 1 6 2 5 1 1 7 2 6 2 5 4 4 3 4 3 1 0 1 5 3 0 4 2 3 2 1 0 3 3 3 5 2 7 3 5 1 7 2 5 1 5 4 4 4 2 6 2 5 4 2 5 2 2 5 2 4 4 4 6 4 5 2 5 4 4 3 5 4 2 8 0 7 2 4 5 2 5 2 6 2 3 1 2 4 4 4 2 3 5 2 6 1 1 1 1 1 6 2 5 1 8 1 
