20 130
.TT...T...T..T.T......T..T..T......T.......T.T.T...T..............T....T...T...T...TT.T.T.....T.T.....T......T...T.T...T....T...T. 35
....TT...T........T..T..T.......T..................T..................T.T.......T...............T...T.T..T...TT...T..........T.... 15
T..........T..T...TT....T.T.........T.T.T.T...TTT....TT......T......T..T..T...T..........................T.....T.....T..TT.....T.. 24
.T..T.T.....T.........T.......TT.T................T...T..T.......T.........T...T..T.T........T........T...........TT...........T.. 24
........T...T...T............................T....T.......T...T........T..T.T....T....T...T......T.T....T............T..TT.....T.. 24
..T..TT.....T...TTT...T.....T...........T.T..T..T....T.......T.T.T................T..T.....T.....T.............T..T...........T..T 17
.T.....TT...T........T....T...T......T....T........T....T.........T.T..........T...T................................TT.........T.. 22
.....T....T.....T.....T.....T....T....T........T................T..T...T.T....TT..T.......T...T......T..T......T.....T.....TT....T 17
..T...........T.....T..T.T....T...T.T.T.......T..T.....T..T..T........T......T..T....TT......T...T............T.......T..T......T. 30
T..T....TT.....T....TT.............T.T..T...T..T.......T.....T...TT...T.T................T.........T............T.T.T..T...T.T.... 22
......T....T.............T.TT...T...T.........T.....T....T..........T........T.....TTT..........T....T.....T...................... 23
T........T........T.....T......TT.T......T.T....T..T.T......T........T...T..T...T.....T......T...........T.......T...T..T.....T.T. 29
..T....T.T...TT...T..T........T........T.T......T.......T...T..T...............T...T.......T...T....T...T..T..T...T...T........T.. 19
T...T.....T...T..T.......TT...T.T...T.....T.T.......T..TT.......T..T....T...T....T.......T.T......T.T.T..........T..............T. 27
...T...T.......T....TT..............T....T......T.T........T..T...T..T..T....T.T.....T........T....T.T..T...T..T....T...T.....T... 26
T.T.T..................T..........T...T............T...T......T......T...T.....T...TT...T..T.T..T.....T...TT....T........T........ 24
.T...T...T..T.TT.T........TT...T..T.........T...T.........TT...T.........................T...............................TT.TT..T. 25
T......T................T.....T..TT...........T....TT...T........T.T..T.....T.T......T.....T.....T.T......TT......T....TT.......T. 23
.T.........T...TT..T.......T.....T.......T...........T.......T...T...............T.....TT.....T..T..T....T.T.TT.T................. 18
.....TT.T...T...........T....T...........T..T..T..T...T.T....T..T....TT.....T.T...T.T.T...T.....T.....T.T.....T.T..T...T....T..T.. 36
9 0 5 3 6 4 6 2 4 4 4 5 3 4 5 5 2 6 1 5 3 4 2 6 3 4 4 3 3 5 3 4 4 4 5 3 3 3 2 3 2 6 4 4 3 5 2 3 6 3 5 2 6 2 6 3 2 5 2 3 2 6 2 4 3 2 5 3 6 2 7 2 4 3 2 0 8 1 8 1 7 3 6 3 4 4 4 4 3 5 0 4 2 3 3 4 5 3 4 3 2 4 4 3 4 4 1 3 3 4 3 5 4 3 4 3 5 2 6 4 4 4 3 3 2 3 4 4 4 5 
