20 240
..T.T...............T.T....T.T...T.TT..T..TT.........T......T..TT.T.T...T......T...T..TT....T...T.T....T..T.......T.T...T...T.....T.....T..T........TT..T........T......T......T...............TT..T........T.T..T...........T....T.......T..... 61
......TT..T..T...T.T.T....T.....T.....T.T.......T.....T.T..T................T...T...T........T..........T..T...T..................T.....T......T...T........T...T.T..T.....T.......T..TT.................T.T........TT.T..T.......TT.T....T...TT 35
..T............T...........T...............T.T................T.....T.......................T..T..T..T...T.......T....T.T.....T......T........T.T......T.T..........T..................T...T......T.......T...T.T...T.....T...TT...T........T... 36
T................T........T....T..T..T...T..........T..T..T.T.........T...........T....T..T.........T...........T...T............T......TT.T.....T....T....T..........TT........T............T..........T..........T.T.........T........T..T.... 39
.T.T..TTT............T.........T.......T.........T...T..............T.....T..TT...T.......T.......T..T..TT.TT........T...TT..T.T.....T...............T...T...T.......T........T..TTT....T................T.T............T...T............T...... 37
..T..T..T.................TT.....T........T..............T......TT...............T....T.T.....T...T.......T......T.T......T.........T..T....T.T.....T...T........T.....T...T.....T.....T..T..T....T.....T...T.....T...........T..T...T.T...T.... 40
.T.......................T.......T..T..T...................T.....T.......TTT....T.........T.T......T............T.T...........T..................T.........TT.....T....T.....T.......T......T............TT.....T.T.........T...T....T.T........ 35
T...T.T.....T...T.....T...T...T........T.................T....T..T..TT.............T.....T...T..T.....T.T...TT......T....T....T........T...T..T.T................T...T.....T.............T.T....T..........T..T.T...T...........T.....T.TT...T.. 40
....T...TT.T.......................T.....T..T..T.....T....T..............T.T...T...T..T...T............................T...........................T...T.T.....T..T......T..T.....T.....T...........T.T...........T..T............T............. 39
T...T........TT........T....TT...................T.........T.T...TT.T.............T.........TT....T......T..T...TT..T...T..T...TTT...T........T..T...........T..T........T.....TT...T..T....................................T....T.T............ 37
...T...T..T.....T.T...T....T..........................T.T............T.........T...T..........T..T......T..T.......T..T.T......T..TT.......T......T......T.T...T.T....T.T..T...T...T......T....TT..............TT..............T..T.....T...T... 36
...T...................T..T....T..................TT.......TT.T.............T...TT....TT..T.........T.....T........T........T......T....T.........T.T.....T.........T......T...........T...T.......T.......T......TT..........T..T..T.....T...T. 42
.T.....TT...........T............TTT..........T....T.......................T.T...........T.T.....T......T....T.T.....T.T....T...TT.......T...T.T...T.T..T.T...T.TT.T....T.........T............T....T................T.........T.......T....T... 38
T.T.T.........T...........T..TT..........T.T..............TT....T..TT...T.........T...T....T.............T...T.T....T.............T...T......T.......T.T.TT...........T..T.....T...TT.....T.T....T...........T....T..........T........T....T.... 47
.....T........T......................................T.T...T..TT......T........T.......TT..............T......T..TT...T......T...........T..T...T....................T..T........T.......TT...........T..TT...T.....TT..T..........TT.....T..... 30
T........T.T....T....T.T..T..T...T...T......T..T...T....T.....T............T..T..T...T.....T.T...TT........T.....T.............T.....T.T......................T.....T......T..T.....T.................T...T....T.......T......T.T......T...T.... 47
...T.....T.....TT...........T.T...........T...T.T...T..T.......TT.....T.T...T......T..T.........T....T..T..T...T....TT.T........T................T....T....TTT...TT.....T.....TT...........T....................T.T.........T...T.....T.T....... 36
T.........T...T.........T.........T...........T...............T..T..T.T...T....T...T....T.....T........T........T................TTT..T.TT.T......T...........T.....T..T...T......TTTT.T.T..................TT........TT...T..T...T.T.....T..... 48
...T....T.........T....T.......T.........T........T...T...T.TT.....T..T.......T....T..T.....T.......T....T...T.T...T.........T..T........T.......T..T....T........T..T....T.T...T......TT.T..............T.........T.....T......T........T...... 35
..T......T...T...T...T..T.T.T..T..T..T...T...T..T.T...T.T.....T..............T.T....T....T....T....T........T.T.T..T...TT.....T.....T.T.....T.........TT..T.T.T.T..T...T.......T..............T................T..T..T...T.....T.T.T.T.....T.... 58
9 1 4 5 3 5 1 5 4 4 2 4 2 3 3 2 4 3 1 2 2 5 2 4 1 2 7 2 6 1 7 1 7 1 5 3 4 1 4 0 6 0 5 3 2 2 1 1 5 2 2 3 2 7 1 5 1 5 4 4 4 4 5 4 2 6 1 5 4 4 4 2 4 1 2 1 5 3 3 5 4 3 6 3 5 2 5 3 3 4 4 6 2 4 5 2 5 3 2 6 1 3 1 4 5 4 2 7 3 5 3 6 3 4 5 4 6 1 5 3 4 3 2 3 2 5 3 6 1 5 2 4 5 4 2 5 2 2 4 2 6 1 3 3 5 3 3 5 2 6 1 6 3 6 1 7 2 5 2 2 4 4 4 4 4 4 5 1 9 1 7 2 2 3 3 4 5 3 4 3 6 1 4 2 4 4 4 5 2 3 3 0 2 4 0 3 0 1 1 4 0 5 2 5 2 3 5 2 5 5 2 6 1 8 1 4 1 2 1 4 3 3 2 6 4 5 3 5 4 4 4 4 3 3 4 3 7 1 2 1 
