20 200
...T.......T.......T.......T.......T.......T.T.T.....T....T..T...T.T.....T....T.......T.T....T.......T.......T.....T.......T.T.T......T....T.....T.....T....T...T..T......T...T.......T.......T.......T. 42
.T........T....T............T.TT.......T......T.......T........T...............T.T.......T..T..........T.T....T.......T......T.....T......T........T.T....T...........TT....T..T....T.T....T......T...T. 31
..T......TT.............T.T.T....T..TT.............................T................T...T.....T..T..T..T.......T........TT......T............T.T..T........TT..T...T..T.......T...........T..T....T..... 32
.T.T........T.T...........T.T......T.T...TT.........T.T.....T..T.............T.........T....TT............T.T........TT........T..T....T...T.........T..T.......T.....T.T.........T..T..T.......TT...T.. 33
..T......T...T.....T.T.........T.T.....................T.........T...T.....T..T.T.T......T......T....TT...TT.......T...........T.....T...T...T..T..T....T..T..............T.T.......T...T.T.TT.......T.T 35
T.....T.T......T................T.....TT..T..T.....................T..........T....TT....T....T...T..T.......T.T.TT..TT..TT............T.........T......T.T....T......T..T.T..........T.........T..T...T 37
...T.......T......................T.........T..T..T..........TT.......T....T..T.TT......T..T.T...........T..T...........T....T.....TT......T.T...............T..T.T.T..............T..T....T......T..T.. 34
.....T.T..T.T.....T...T.T.T..T.....T....T...T..T...................T..................T.....T..T.T..T....T....T.............T...T...........T.T.............T....T.....TT..T.................TT.....T..T 36
T.....T.............TT........T.T...........T..................T.......T......T..T..T...T...T.......T.......T.........T..T.....TT..T.....T.....T..T.T.T.......T...T.T................T..T...T.T......... 30
T.T....T...........T...T.....T..............T.T.............T.............T.T..T.......T......T....T.T.....T....T...........T......T........T.....T.....T......T........T........T..T..............T.... 28
....T...TT.T............T....T.T...T.....T............T..T....T.....T...............T....T.T...T.....T.TT........TT..........T.........T.....T...T.......T.T...........T.TT..............T...T.T.T..T..T 42
......TT...T..T.T..............T.......T........T.......T..............T..T.........T.T......................TT.......T...T...T.....T.T.........T.....T..T......T....T.....T.......TTTT....T....T....TT. 22
T............T...........T.............T.....T...T......T..TT......T....T....T.T.T......T...T....T...T...T.T....T.T.........T...T..T..T..T........T................T.T..T.......T.T...T....T..T......... 43
T...T.....T...................T...........T.T.....T.T.....T.T.T...T............................T......T....T.........T....T......T..T......T.T...T...T.T..................................T....T...T..T. 29
...T..T.......T...T...............T..................T...........T.....T....T....T.T.TT..T.TT...T..T....T..........................T..........T....T......T................T.TT..TT..T.....T.....T...... 31
...T.....TT...T...........T..............T..T...T...T....T...TT.T..T...T...T.T...............T...T.T.......TT.....T...T...T....T...............T.....T..T.T..T..T......T..T.............T...T.T.....T... 42
..T.....T...........T..T.T..TT.T.T.T..............T.......T...............................T.........T.T...T....T.T.T........T.....T.................T....TT......T..T.T..................T...T.....T.... 35
...T.....T...T.T....T...T..T.T...........T.T....T.....TT......TT........T....T.T.TT.....T.......T.......T...T...T....T.T........T....T...T.T..T.....TT...........T..........T.....T.T.....T............T 38
T..T...T...T.......T..T...T.....TTT.................T...........T....T.....T...T....T...........T.TT.T.........T..T....T......T.T..T.....T......T.T..........T.T...TT......T...................T.T..T... 24
..........T..T...T...T...T....T.T....T..T...T......T.T..TT..T....T...T.T.TT.....T...T...TT...T.........T..T..T..T.....T.T...T.T..........T...T.......T.T.T..........T...T....T.....T...T.T.T....T.T..T.. 56
4 6 2 4 5 3 4 2 4 6 1 7 2 6 1 5 1 1 3 2 4 2 3 4 4 1 5 2 5 5 3 6 2 5 4 4 2 2 1 2 4 3 3 4 4 4 4 2 3 2 3 2 2 3 5 1 3 1 4 2 4 4 5 3 4 1 6 1 3 4 3 2 3 0 4 4 4 5 1 5 3 6 2 6 1 6 2 6 3 7 2 4 3 3 4 5 2 4 3 5 4 5 2 5 4 4 4 4 4 6 3 6 1 5 2 3 4 4 3 3 4 2 5 3 4 2 7 2 5 3 4 4 2 4 0 3 4 3 3 6 0 6 2 5 4 4 1 6 2 3 5 3 6 3 6 2 3 3 2 3 2 4 4 4 5 4 3 5 4 2 5 4 5 0 3 1 2 3 4 3 4 4 2 4 2 5 4 4 5 3 5 5 3 6 4 3 5 4 4 5 
