20 150
..T....T...T...T.T.T....T.T.T.T........T.T..T...T......T.T.T.T...T.........T...T.T.T.....T.T.T...T..T.....T....T.T.TT...TT.......T...T.T...T.....T.T.. 50
...T.T....T.T...T.....T.......T..T.T.............T...T..T.......T....T..T......T..TT...T........T.......T.......................TT...........T........ 8
.T.T..........T...........T...................T.T....T........T..T............T.............................T.....T.TT........T......T.....T....T...T. 33
T.T........T......T..T..........T..T.T.T..T................T...T.T..T.......T..T..T.TT.....T.......T......T...T.....T..T.T..........T........T.....TT. 18
..T...T....T..T.....T.T.......T...T.T...........T.T..........T....T.....T.....T........TT........................T.........T..T...T.............T..... 28
............T..T......T....T..T..T.....T............T.T............T.....T...T.....TT.....T.....T..T.T......T...T.....TT.............T................ 22
.T.....T.T....T.................T...............T......T......T....T....T.T....T..........T......TT....T........T....T.......T..T.T................... 24
....TT.......T.T.....T...T..T.......T.T.......T..............T.......T.T.T.........T...T......T..T.......T.........T.........T........T....T...T....TT 22
.........T.........T...T.....T.T.T...............T........................T...................T....T...T........T.........T......T.....T.T.......T.... 28
..T...T..T......T........T..T.......T.TT..T.T......T....T...T............T......T.T.T..TT.....T....T....T...TT........T...T.TT........T...T........... 24
T.....T....TT......T..T...T...T.....T.T.T......T.....T....T......TT........T.T.T................................T...T........T..T..TT..T..T.T..T..TT.T 30
.T..TT....T..T.....T......T......TT...T...........T.T..T.....T............T.......T.T.....T...........T....T...T......T...T.......T....T..T.....T..... 27
......T....T....T...T....T................TT.T.T.T.........T..TT....T..T.....................T..T..TT...............TT........TT............T......... 24
.T.....TT...........TT.....T..T.T....T.....T............T........T..T.......T.....T..........T.T.....T............T...........T..T..T....T.T.....T...T 26
...T......T...T.T.T......T.......T...T.........T.......T.....T......T............T.....T.T........T.......T....T....T.T................T.....T.......T 22
......T..T.......T....T............T.....T....T..T.T.T........T...T........T...T.T............T..T.................T....T..T...............TT.....TT.. 24
.T...........T.T..........T.T..T..T.T..............T......T.....T...............TT.T.....TT.T..............T......................T......T............ 29
T..T............T...T..T.....TT..T........T..T...T......T.....T..T...T.........T........T.....T.T.T.....TT.....TT.T.........T..T....T.T...T...T..T.... 23
..T....T...T....T...T....T.............T.T....T..T..TT...T.T...T....T..............T.......T.T........T......T.....T.........T...............T...T.... 23
T....TT......T.T......T...TT.......T.T...T..T.T.....T.T....T..T...T.............T...T..T........T.T.TT......T..T...............T..TT.....T.....T...... 34
6 3 3 6 3 6 1 6 2 3 4 3 5 4 5 3 6 1 5 4 4 4 5 2 3 3 4 4 5 3 5 3 4 4 5 2 6 3 6 3 3 4 2 2 2 5 1 8 2 7 2 4 1 5 2 5 2 3 4 4 3 7 2 3 5 2 5 3 4 3 0 4 0 4 3 3 2 4 1 8 1 6 4 3 6 2 2 4 2 3 3 4 2 5 2 3 7 3 4 5 2 1 4 1 3 4 2 4 2 1 3 3 3 6 3 6 3 3 4 2 2 1 4 0 6 1 6 2 6 1 5 2 7 2 5 2 2 3 2 3 4 3 3 3 3 5 4 5 0 5 
