20 80
............T.TT...T.T....T..T......T.......TT..T..T.......T.T..TT.....T..T..... 16
.............T...T....T........T.....T.T.....T........T.T..............TT....T.T 17
TTT..T............T......T..T.T...T.........T............TT...T.....TT....T..... 11
...T.......T....T..............................T....T.....T.....T.T......T....T. 12
........T....T....T..T..T..........T.T.T.....T...T.T.........T...............T.. 17
.T...T....T..T........T....T....T.........T........T..T..............T.T..T...T. 12
....T...TT.......T.....T..T...........T...T.T....T......T.T...T....TT.......T... 17
.....T....T.......T........T....T.TTT....T.T..T..T....T......T..T......T.......T 11
..T...T........T........T.T...T........TT.....T......T...T...TT..T....T..T.T.... 17
.....T.T...T.T....T..TT.......T..................T..T.T.........T..TT.T.....T... 17
.T..T......T.T..T.T.............T.........T..............T..T.....T..T.........T 14
......T..............T...TT.T.......T..T.T........T.........T.T........T......T. 13
..T......T....T....T......T....T.T...........TT....T...T................T.T..... 14
.T..........T..T.T......T.......T..T...T..TT...T..........T.......T.....T.T.T..T 14
.....T........T.......T........T..T...T....T.....T......T...TT..T............... 19
....T...T.T........T.......TTT...T.....T......T.T...T......T.......T.T...T...... 12
T....T........T....T..TT...T..T....T..T..T............T..T..T...T............... 19
....T............T....T............................T............T....TT.....TT.. 7
.T...T....T..T.......T....T........TT.....T...T..T..T..T...........T......T..T.T 20
.......T....T..T..T....T......T.T.T.....T......T...T......T.T..T.T..T..T........ 13
4 4 2 2 5 3 5 1 2 5 2 5 3 5 3 5 2 5 3 4 4 2 5 3 4 4 3 6 3 3 3 2 6 2 4 4 3 5 1 6 2 5 1 8 1 5 4 3 3 5 3 3 3 6 0 4 5 3 3 5 4 2 6 3 5 3 5 2 4 5 4 4 2 5 2 4 5 3 4 5 
