20 50
......T....T..T....T......T.T....T...T..TT......T. 13
..T..TT........T.T.....TT...........T.....T.TT.... 8
T..T.......T...T.........T..TT.........T.........T 9
........TT..T....T...............T..T.........T... 10
..T...T............TT.T........T...T..T....T.T...T 11
.T...T......T.T..T....T..TT.....................T. 6
.........TT......T.....T.....T......T...T......... 12
T............T..T..T..........TTT.T..T....T....... 6
........T....T...........T....T...TTTT.T....T.T... 8
.........T.....T...T..T.................T.....T.T. 11
T....T.......TT.....T....T.................T...... 5
...T....T...........T...T.T.....T...T..T.......... 10
...TT.....T...TT...T..T.....T.T..TT...T......T...T 13
......T..T..................T...........T.TT.T.T.. 6
T...............T........T.....T.T..T....T.......T 11
.......T...T.TT...T..TT....T.T.........T.......... 9
TT.....T............T..T.............T...........T 10
....T...T.TT..T........T...T..T.........T.TT..T... 9
.................T..T..TT.T.......TT..T..T.....T.. 9
.TT...T.TT...T....T.........T...T.T.....T..T....T. 14
6 2 4 1 3 6 2 4 3 4 4 3 6 4 4 4 5 2 4 3 6 1 6 1 6 2 8 1 5 3 3 5 3 4 3 5 4 4 5 4 4 3 5 3 4 3 4 2 5 4 
