20 130
T....T.T.....T....T..T.T....T.....TT.....T......T......T...T.........T..T.....T....T.T....T...T.T.....T...T..T..T.T.T.....T..T..T. 33
....T.T...T.........T.T...T.....T..........T......T..T..........TT....T....T....T.T.T...T.........T....T.....T...........T.T...... 21
T.T..T.T........T..T.......T.......TT..T....T..................T.....T......T....T.T...T..T....................T.T..........TT.... 24
..T..............T....T.T...T....T.....TT............TT...........T...T..T............T....T..T...TT..T..T...T.....T.............T 16
T......T..T.T.T......T.T...................T.T.T........T..T.................T...T...............T...........T............T....... 29
...........T...T.T......T.TT.TT..TT..T.......T...T.....T.......T...T.T.....T..T...T.T.T..T...TT.......TT..T.....T..TT.....T.....T. 19
......T.....T.....T...........T.....T....T.........T.....T......................T..T...T..T.....T..TTT.T....T..T.......T...T..T... 25
............T..T...........T.T....T...T...TT..TT......T.........T.T..T..T.T...T.............T...........T.............T..........T 25
T.T......T..........T.T.......T.........T........T............T......TT.....T..T.T.....T.........T........T..T..T.............T... 19
T....T..TT..........TT..T.......T....TT......T..T.....T........T....T.........T.....T...TT.......T.........T...............T..T..T 25
.T............T....T...............T........................T............T....T...T.TT.....T.T.T.TT....T.T.....T....T.T.........T. 22
.......T....T..T.T.....TTT...T.T..........T....TT..TTT..T......T...T.T.....T..........T............T.T.......T.T..T.T........T...T 21
T..T..T........T...............T.T.TT..TTT...T........................T.T....T..T......T.....T...T..T.T.T....T.................... 30
......T....T.....T...T......T..T....T..................T.T....T..T............T..............T..T..T.......T.....T......T..T...T.T 20
.....T......T.T...T.T.....T...T.............T.....T.................T...........TTT.........T......................T..T......TT.T. 23
T.....T................T..T........T......TT....TT...T...T..T.T..T.T.T.T..T..T.......T...........T...TT..T...T...................T 21
..........T...T..T....T....T..T..TT.................T................T........T...TT...........T..T............T....T..T......T... 20
T..T.......T.T.....................T..T.......T....T.T.T......T.........T...T.T.T......T.T..............T..T..T.......T....T..T... 23
.........T........T.TT..T...............T...T....T...........T..............................T..........T............T........T.... 19
T..T..T....TT.TT...T........TT..T.....T....T.....T...T...T...T...T.T...T..T...TT...T.T.....TT...T...T.T...T......T.T....T......T.T 31
6 3 5 0 6 1 4 4 4 3 4 3 2 6 2 6 2 4 5 3 6 0 9 0 6 2 5 4 4 3 5 4 4 4 3 3 4 5 3 4 2 7 0 8 0 4 2 4 5 1 5 1 6 2 5 2 6 0 4 0 0 4 2 6 2 4 4 2 6 3 4 2 2 5 1 7 2 7 2 4 6 3 6 3 6 2 5 0 6 2 4 3 3 6 3 4 4 3 2 7 1 6 3 6 1 6 1 5 4 4 4 2 3 4 4 1 4 4 3 1 3 2 2 4 2 6 2 7 1 8 
