20 120
.........T..TT.T..TT.T.T......T.......T.TT.......T......T............T......T......T.T.......T..T..T....T.T......T....T. 32
T...TT....................T...T...T.........TT.T.T..T....T...T...TTT..........T.TT....T..T..T.......T...TT...T....TT.... 17
.TT.....T.......T....T.T.........T.T.T......T..........T...T..T..............T.........T.........T....T................. 25
....T......T....T.......T..TT.........T..............T.........T.T....T.......T....T.T..............T....TT.....T.TT.T.T 16
.....T................T....T......T......T...TT.......T.T....T......T....T...............T.TT.TT..T..........T..T....... 26
....T....T.TT..T....T...........TT.T.....TT.T.....T................T........T..T..T..T...........T.TT..................T 16
..........T........T...T..T...T..............T..T...T..T..........T...TT.T..T.T........TT.T...T.......TT.......T..T...T. 25
T.T...T..T.T.....T.T.........T.T....T..T......T...T.....TTT...TT.................TT..........T...........T........T..T.. 21
...............T..T..T.T..T......T.T..T..............T....T..............T.T........T.....T.T..........T..T.T..T..T.T.T. 29
......T...T...T.........................T.....TT..T.T........T..TT..T..T..T.....T..T..T.........T.TT....T....T...T...... 19
.T.T.....T.....TT..T....T....TT.T.....T..T.T........T....T.T...T....T............T...T........T.T..T.T...T.............T 26
TT.........T..T.T....T..............T........T...T...T.T.........T.....T....TT.T.........TTT.T........T.........T.T..T.. 24
........T.T......T........T..TT...T....T..TT.....T.....T......TT....T...TT...T.T.T.....T..........T.........T...T.....T. 18
.....................T....T.....T...................T........T........T.....T......T...T.T...T.....T.....T...T.......... 24
.TTT.....T......T...T............T......T...T.TTTTT.......TT....T...T.T...T.......T.......T............T..T......T....T. 22
..........TT.T...T.....T.T...T......T..T...............T..T....T.........T..T......T..T.......T....T....T.....T......T.. 23
T.....T..T.T....T.T...T....T.....T...T.......T....T..T..T.............T.........T.......T..T.T........T...T............. 26
.....T.T...........T.............TT..T..TTT.......T......T...TT...........T.T.....T.T.............T..T.......T...TTT...T 21
...........T.T..TT....T..T.T....T..............T.....TT..T..T....T..T.......T...T..T..T.....T..T...T....T....T.......... 17
.TT....T.T....T......T.T............T..T.T...T..T.TT...T..........T.T..T.T.T......T...T...T..T..T....T.....T....T.T.T..T 36
7 1 3 6 2 1 5 2 6 3 5 4 3 3 3 6 3 6 3 3 6 2 5 3 5 2 6 2 3 3 3 4 4 4 5 3 5 1 8 2 4 4 3 4 5 3 4 5 5 4 4 3 5 4 4 4 4 5 4 3 5 1 7 1 4 5 3 4 6 2 5 1 6 2 5 3 2 6 2 5 4 5 2 7 1 7 3 5 1 6 3 5 3 6 2 4 3 2 5 2 7 1 7 2 6 3 5 2 2 3 3 5 5 3 4 5 2 6 1 8 
