20 250
....TT..T...TT.T......T..T.T...T..........T....T.......T...T.........TT..T.....T...T..........................T......T.T...T......T....T.T.T.T.T...T.T......T...T..T.T...T.TT...........T....TT.T....T.....T.T....T............T.T....T..........T...T...T 61
.........T.................T....T........T...TT...T...T.......T.....T.......T.T...T...........T...T......TT...................T.T...............T.T.T........T.......T..........T........T................T....TT..T.........T....TTT..T..T..TTT......T... 39
...TT..T..........T.TT..T.....T....T.T.T...T.T...T...........T...T...........T..TT.....TT...T..TT.....T.....T........T....T...T........T...TT.........T.................T...T.TT..T........T.......T....T..T...T...T...T...T...T.T..T......T.T....T....... 39
..T......T...T...............T.........T...........T.T.......T.T..T...T..T.T......T....................TT.....T.......T....T....TT.T.T..............T...T...T.T....T......T..T..........T.T....T.......T..T....T....T........................T......T..TT. 45
T....T.....T.T....TT........T....T...TTT............T.........T.........T......T....T...T........T..TT...T.........T....................T....T.....T.....T....................T....T..T....T..TT.............T....T..T...............................T.... 41
.T.T....T...T.....T....TT......TT...........T..T.T.................T...T.T...T......T.T......T.....T.................T.T....T.T.T.......T.T......T.......TT..........T.T...T.T.......T....T.......T.T.....T..................T...T.T.T...................T 46
...............TT........TT......T.....T.T..T.....T..T..TT......T....T.T..TT.....T.....T....T.T...T......T..............T..T.T....T..T....T.T....................................T.....................T...........T........T...T......T..T.......T.....TT 33
T..T..T....T...T.......T.T....T..T.T......T........T.T.TT............T...T.....................T...........T...............TTT..T.......T......T..T.T.T............T.....................T......T.....T.........T......T.T.T...T.....T.....T.............. 42
..T...T......T...T.T...............T...T..T.T..T..T.........T.T.TT...........TT.....T........T..T......T.............T..T.....T......T..TT......T.......T.T................T.T...T.....T......T.T..T...T.........T................T.............T..T....T. 43
..T..T.....T..T..T..T...T.T.TT..................................T.....T...............T........T...T......T.......T.T.T....................T.T.....T.T..T.............T...T.............T..T...T.T..T....T........T..T.....T.....T.T........T............. 32
......T...T.T...................T......T.T.....T...T...T.T...T.T..T......T..T...........T................T.............T.T.................T............T...T..................T.T..........T...........T..T....T.TT...T............T.............T....... 34
..T..................T....T..T................T...TT.................T.T.T....T...T...T.....T...T......TT..T...T...T.T.T....T..T.....T...T..TT.......T.......T.T....T...................T.....T....T.TT...................T.T.....T........T.....T...T.... 41
T.......T..T...T.....T........TT..........T....T.................T...T.....T............T...T.T...T..............T.......T...............T.........TT.T.........................T..............T....T......T....T....T...T.......T.................T....T. 37
...T..T......T..TT......T.T...T.......T......T......T...T....T......T..........T.T......T......T...T....T.T.T......T.......TT..................T...T.T....T.T...........T...T.....T.T.....TT..T.....T....T........T...............T...............T......T 41
.T..T.................T......T...T....TT....T....T..T....T.......T.......T.TT.T.......TT...T.........T...............T...T.....T.........T.T..TT.........T.T......TT......T....................T.....T...................T.T...T...T.T....T.........T..... 40
......T.T..T....T...T...........T..T.......T.....T......T.T..............T..........T....T.....T...........T..........T.....T....T...T..........T.........T.T..T.......TTT...T...T.T.T.....T.........T...T.T...T............T.....T...T...............T... 45
.....T........T.T...TT...T.T...........T....T.T....T.T........T....T..T.....T..........T.T........T..T...................T....TT............T.....T...................T...........T....T.........TT.T..T...........T...T.T.T...T.T.....T.T..T.....TT.....T 39
.....T.....T..T.T.............T.T.T...T...T.........T..............T..T...............T.....T...T.T...T.T...........T.............T.......T......T..T..............T.......T....T..........T.T.....T..........T...T..T..............T...T................. 42
T.T.....T.........T.....T..............TT..TT.......T..T..TT...T..T........T.T........T...T........T.............T...T.T.T..T......T...T.......T....T.....T...T.......T.......T......T.....T.............T......T...T.....T...........T..TT..T.....T..TT.. 40
......T..T.........T..T...T.T......T.T........T...T..T.....T..T.....T..T.T..T.T...TT.....T...T..TT..T.T.T......T........T.T.....T........T.T.T..T.....T......T.T........T..........T....T....TT...T..T..T.TT..TT.....T..T..TT.T.T...TT.................... 59
4 3 3 5 4 4 3 4 5 3 3 6 2 3 4 4 3 4 4 3 6 2 5 2 6 2 6 2 4 5 5 2 4 2 5 2 3 3 2 7 2 5 1 6 3 6 1 7 2 7 0 6 3 6 3 3 3 4 3 2 3 2 4 3 6 1 4 5 3 4 4 4 4 4 5 3 6 4 6 0 2 0 6 2 5 3 4 5 1 5 0 3 4 4 4 4 4 2 6 3 1 3 4 2 7 3 4 1 2 2 2 0 2 0 3 2 5 3 3 5 3 4 5 3 6 3 5 4 3 2 3 1 3 3 2 2 5 2 6 3 6 3 6 1 5 3 5 3 5 5 3 3 0 5 3 4 4 3 4 2 0 1 0 2 3 2 6 2 4 2 1 6 0 6 3 2 7 1 2 0 4 0 4 2 2 6 4 3 3 4 5 3 6 2 4 4 4 4 1 6 2 5 4 4 3 2 2 1 8 2 6 2 3 3 2 2 5 1 5 2 6 1 6 1 4 5 4 5 5 4 0 5 0 3 4 5 1 2 2 0 2 1 5 4 3 4 2 2 7 2 
