20 80
..T...............T.T..T...T...T...TT...T.T......T.T......T.T...T........T.T.T.T 19
.T..T.T.....T.T.......T..............T....T..T.T..T....T........T............... 14
..........T.......T.....T...T.T........T..............T...........TT......T.T... 14
T.T....TT...T.T...T...T.T.........T...T.....T....T...T..T..T...T..........T..... 17
..T.......TT.T....T.......TT...TT..T..T.T...TT.....T.............T........T...TT 11
T.....T..........T...T.............T.....T....T..TT..T.T........TT...TT.....T... 18
.....T.T...............TT..TT.....TT............T.....T..T........T.......T..... 15
.T..........T.....T.......T...........T......T........TT....T.T.....T...T.T...T. 15
...T......T....T....T...T.....T....T.TT..T.....T..........TT...T..T........T..T. 15
.......T.......TT.T..T.....T.....T.....T..........T...........T....TTT.T....T... 17
.T....TT..T.T................T....T......T..T....T...T..T.T.T.T.........T......T 15
...T.....T........T.......T....TT...T...T....T.T.......T.........T....T..T...T.. 18
..T..T...T.T.T...T..T...T..T.T.......T.....T....T.....T.T.......T..T............ 16
.T................T.T...T.T...T...T...T......T..TT........T.T.......T......T..T. 15
T..............T.....T.T.T.T..T.......T.T........T...T...T.....T..T..T...T...T.. 13
...TT...T.T...T.T..T............T..TT.....T..T.....T.......T...............T...T 18
......T....T...................T..T....................T....T......T........T... 11
T.T......T.........T...T................T.T....TT.T.......T....T......TT........ 18
......T..T.T....T.....T.....TT...............T.......T.....TT..T....T...T....... 12
T.T..........T..T..T..T.T....T.T...T.T..T.TTT...T.T.T.T.T.....T.......T..T...T.T 23
3 6 1 7 2 3 5 2 5 2 6 3 4 4 2 5 4 3 6 4 2 6 1 6 3 6 3 6 2 3 5 4 3 4 6 3 2 6 3 7 3 3 6 2 7 2 4 4 5 3 7 2 5 4 1 9 1 6 2 2 7 2 4 4 3 4 3 4 4 2 5 2 6 3 5 2 5 4 4 5 
