20 120
...T...T.T.T.T..T.....T.....TT.............T.......TT...........T..T..T......T....TTT.T..........T.....T......T.T......T 30
TT..TT............T..TT..T..........TT............T.....TT..T......TT.....T............T................T......T.....TT. 15
.........TTT.................T....T....T..............T....T....T.T.........T..T............T...........T.TT.....TTT.... 19
...TT.........T...........T............T..............T............................T.......T....T..............T........ 18
....T.......T.......................T...T........T.T...T..TT...............T.....T...................T........T.....T..T 11
.....T.T...............................T..........T...T........TT..TT.......T..T...T.T...T.......TT......T.........T.... 20
.TT..T....T.....T.....T..T...........T......T...T.........T.T.T...T...................T.................T.....T......... 13
...T..........T................T.........T........T.T......T......T.T......................................T...T.T..T... 12
T......T...T.T..T...T.TT.T......T...T.T.............T.....T......T...T.......T.....T........T..............T.T........T. 23
.TT........T...........T.............T............T...TT..T..T..T.........T........T....................T........T.T.T.T 16
................T.T.TT...T..T..........................T.....T........................T..T................T..T.....TT... 14
T..T..T....T......T...T...T...T.....................T..T..T.......T.TT...............................T...T....T......T.T 15
.T...T......T.........T.................T........T...........T.....T..........T......T.................T...TT..T........ 21
.T.T..........T.T................T..............T..........T........TT.T.....T.T...T....T....................T.....T.... 16
...............T.......T...T........T.......T.........T.T......T....T.....T....T.......T.T........TT...............T..T. 15
..............T..T...T....T.......T.............T...T..T......T...T.......T....T........................T.T.T........... 19
..TT.....TT......TT.....T.T...............T.........T......T.........TT.........T..T.T.....T...T....T...T.....T......T.. 22
.T.....................T.......T....TT.......T..............T....T....................T.......T......T....T............T 10
..T.............T.T...T....T..........T.................T...TT...........TT....T.......T.....T....T......T...T..T...T..T 15
....T....T.T.T.....T........T...T...T........T..T...T.T.T......T....T.T.....T.......T...T...........T.T....T......T...T. 29
4 5 3 6 3 3 4 0 5 0 5 2 5 3 6 0 5 3 3 2 3 2 8 2 3 3 3 4 3 1 2 1 2 1 2 5 1 6 1 2 2 3 0 0 3 0 2 0 3 4 2 4 4 3 5 1 7 2 5 4 4 4 2 6 2 4 4 5 5 1 4 2 1 3 3 3 0 3 4 3 1 3 0 3 4 4 4 4 3 2 1 0 3 0 2 1 1 3 1 3 0 2 3 5 5 0 6 1 6 3 5 4 1 4 3 5 3 6 2 7 
