20 40
.T...T.T..TT...T...T.T..TT...T.T.T.T.... 13
T.TT..........T.............T..T........ 6
............T....T......T...T.....TT...T 9
......TT......T..T..T..T.............T.. 8
...T..T...T........T.........TT...T....T 6
..T..T.....T...T......T....T......T..... 7
....T....T.......T..T.....T.......T..... 8
.T...........T........T...T....T........ 4
..T.....T........T......T........T...T.T 8
..........T..T.........T..T..T.T.......T 6
..T...T.......T...TT.............T...... 9
.....T...T......TT.....T.TT..T.T........ 6
.......TT.T..T............T....T...TT.T. 8
..TT..T..T.....T...TTT...........T..T... 8
...............T.T.......TT.....T....TT. 8
..T............T............T....T..T..T 8
....T..TT..T.T...T.......T....TT........ 7
TT.......T...........T..TT.T........T... 10
......T.....T..T..TTT..............T.T.T 6
.T..T..T..T.....T....T...T....T.T..T.... 12
4 4 3 3 5 2 6 2 8 1 6 1 3 5 4 3 5 3 4 4 4 3 4 4 3 4 5 4 4 4 3 6 2 6 4 5 2 6 1 7 
