20 210
.................T.T.....TTT.....T...T.T.T.T......T...T.....T..T..........T..T...T.....T.......T......T.T..T..T..........T.T..TT.T......TT...T.....T.....T......T.T.....T.....T.......T..TT.T...T............T.... 41
...T..T.T........................T..T..T.............T.....................T.....T............TT..T..T.....T..............T...................T.......T....T...T...T.T...............T............TT..........T... 32
T.....T.T....T...T....T.....T...............T.T.T.T.............T..........T....T..T.T........T....T.........T..............T..T..T...T...T.T....T....T.TT.T......T.T..........................T.T.T...........T.. 28
.....T..T............TT..................T................T...TT.......T...............T......T..T..T.T...T.............TT.T..............TT....T............T..................T.T...T......................T.... 33
..T..T.T...........T........T.......TT...TTT...T.......T...T......T..........TT..........T......T...........T.T....TT.....T...TT.........T.......TTT.................TT.......T......T...TT..T.....T.............. 31
T.......T............T..........T....T...................T...T.T.....T.......T...T..T.T..........T.........T.......................T.......T..........T...........T..........T....T..T...T......T..............T.. 30
T.T........T.....T....T.......T...........T......................TT...T.T......T.....T.............T........T......T.T.T.....T.T.T........TT..T..TT............T....T.T......T...T.......TT...TT..T..T...TT....... 37
...........TTT....T....T......TT..T..T.....T............TT.T..T.....................T..TT.T.T.....T.T.T.T......T..T..T..........T.......T............T.T.T..T.T..............................T..........T......... 28
T...T.....T..............................................T.T......T.....T...T...T..........T..T.........T............T..T.T..........................T.T.....T...T..........T.....T...TT.........T........T.....T. 41
T..T......T.......T.T...........T..T..T........T.T........................T...TT.......T.....T..T.....TT..T........T.........T..........TT.....T.T......T..T....T...T..........T..T.....T.T....T....T.........T... 22
......T.T...........T.......T.T.T.....T.....T......T..........T.................T...........T...T......T.........T......T..T....T.TT...T...T.T......T......................T..T..T..T.T..T..T.........T..T........ 44
T.....T......T.....T...........................T.......T..T.T...T.........T..T....TT..........TT.......................T.T...TT...TT...T.T......T..T....T..T.....T...............................T........T....... 16
.....................T.......T.....T....T.TT..T.......T................................T..TT.....T..T...T...............T..T.....T............T.........T.T........T.........T..T.T.....T..TT.T................... 38
..........T....T.................T.......T.......T..........T.....T............T..TT.T........T...TT.T....T......T.........TT...T..................T..T....T.T...................T...T....T...T...T...........T... 25
.T......T......T...T....T.T........T..........................T.T.T..T..............T...........T.....T....T.................T...T........T...T......TT........T...........T.......T...T.........TT......T........ 29
.T...T....................................T.T...T........T....T................T.T.........T....T..................T....T....T...T...............TT.......T..T.T............................T..................... 28
....T..T........TT.T.T.........T.........T.T......T.T.....TT..T........T..........TTT..........T.......T..T........................T.....T...T..........T...T.T.............T.T.T....T....T..TT.T......T.......... 23
T.....................T.T......T.T..........T...T.......T.T.....T...........T...........T..........T.T.................T...T..T..............T..T..T..T.T...T.T..T.......T.......T.T...T.T.....T........T......... 38
.....T.T.T...TT.T...T...T..T....T...T........T...T.........T...................T..T.T..............T.....T.......T......T..T.......T......T..T..T.......T...................TT...............T.T...T.............. 26
..T..T.........T.T.....T.....T...T......T.T....T...T.TT.T....T...........T..T.T...T....T.....T..TT...T......TT.......T...T......T.T.T...TT....T......T...T.....T.........T......T..T..T.....T...........T..T...TT. 54
6 3 2 4 3 1 6 1 7 2 3 2 2 3 2 1 3 1 7 3 5 4 4 2 3 1 2 0 4 2 3 2 4 3 6 1 5 1 3 2 3 4 3 6 3 3 5 1 3 2 3 2 3 2 2 3 2 4 4 2 5 2 7 1 6 1 5 0 2 0 1 0 2 4 0 4 2 5 3 6 3 5 2 7 0 7 2 3 3 2 1 1 4 3 6 3 5 3 5 3 5 3 4 4 4 2 7 1 3 1 2 1 1 1 4 2 3 1 3 2 6 3 6 3 5 4 4 3 7 3 4 4 1 1 1 3 4 4 5 4 4 1 6 3 2 6 1 4 5 5 4 4 4 4 3 5 3 5 3 1 5 2 5 0 3 2 1 2 1 0 3 2 2 2 5 3 1 4 4 4 3 5 3 6 2 7 1 5 3 5 4 5 4 2 7 1 3 1 0 3 2 3 2 1 2 1 5 0 2 0 
