20 60
..T..T.T.T......T...T..T..T...T.T......T.........T...T..TT.. 14
......T....T...............T.....T...T.....T...TT..T........ 11
.....T...........TT..T.T...T.T.....................T....T... 12
.T..T...TT.......T............T......T.TT.T.T.............T. 11
....T..T.....T....T...T....T.....T......T.....T...........T. 9
.T.T.T....T...T........TT.....T...T..........T.T.T..TT...T.T 14
T.T....T.......T...T.T..T.......T....T....T.........T..T.... 9
...........TTT........T......T.........T...T................ 13
.....TT.............T......T...TT...T.T..T.....T.T......T..T 11
.T..........T.T..T.....T....T.....T...T.....T..T..T...T..... 8
....T.................T......T.T...T.............T.T......T. 17
.TT..T.T.TTT.....T.T......T...............TT...T......T..T.. 9
T.............T.T......TT......T.T.T.......T.............T.. 11
....T...T..........T......T....TT.....T......T..TTTT..T..... 10
..T.............T.T.......T..........TT..TT...............T. 13
...T......T.T....T...T.T....T.T...T..........T....T.T....... 8
T.....T..T....TT.......T........T....T.........T........T... 16
....T...T..T........T.....T......T...T..TT.T........T.T.T.T. 7
.......T.T...T.................T..T..............T..T......T 11
T.............T.T.T...T...TT....T.....T..TT..TT........T.T.. 15
5 4 4 2 5 3 4 2 7 1 6 3 3 5 2 5 1 7 1 8 2 3 6 1 5 4 3 5 3 2 6 2 6 3 4 2 7 2 4 3 4 5 3 5 3 4 4 3 4 5 3 3 5 2 4 4 5 2 5 5 
