20 150
.....TT..T..T.............T.TTT...T.T..T....TT.T...........T...T.T..T......T..TT...T.........T..T..T..T...T...............T...T..TT.T.T.T.........T... 42
T..........T.T....TT.T..T..T...........TT..T....TT...T.T.T.........T..T..........T...TT...T.T.T......T..T.....TT....T.T....T..........T..T...T.T.....T 25
...T...........T.....................T.............T......T.........T....T...T.T.........T.....T...T...TT...T.T..T....T..T.....TT..T........T......T.. 30
.......T..........T.T...........T..T....T.T....T.T...TT.T...T..T.........T....T........T............T.........T.....T........T...........T...........T 21
T.....................T........T.TT..............................TT...............TTT........T..T....T..TT...T.T......TT...T.T........T....T...T....T. 33
....T.TT...T..TT..T....T....T...T......T...T..........T.T.T...........T.....T..T......TT.T.......................T..T...T.T....T...T..T............T.. 22
T.....T.T....T........T.......T..T.........T.T.......T..........T........T.....T.T.T.......TT.......T....T..T.T...............T......TT....T....T..TT. 24
..T..T...T.........T.....T.T..T.....T...T..T.....T.T........TTTT.....TT.....T.......T.....T...........T.........T.T............T...T.................. 35
T..T........TT..T...T.....T..........T........T........T.T.......T..............T.......T............T.T........T.....T.....T.TT.T....T.T...T....T..T. 23
......T...T......T.T......TT.T...T.T...T.T......T.T.T....T................T..T..T.T..........T...T........T...T.....TT..T..T........T........T....T... 26
.....T..T..T..T......T..T............T...T.T...T........T..T...T.T..........T........T.............T...T..........TT............T...............T..... 27
T..T..T......T......T........TT...T...T..T.......T.T.T.T..........T...T.T...T............TT.T.................T..............TT..T........T........... 29
.......TT.......T.T...T.T.T...T........T.....T..T.........T..T...TT....T..T....TT....TT.........T..T.T..T....T...T..T..T..TT.....T..T..T...T...T....T. 29
.T..T...T...T....T..........T.........T....TT....T....T.TT....................T........TT...T..........T.T.T..T....T.T...............T..T...T....TT..T 27
.....T...T.....T.T.............T..T...........T.................T.......T......T...........T.....T....T........T........T.......T....T..TT.T...T...T.. 27
..T.................T....TT......T......T......T.T....TT.....T....T.T....T...T.....TT.........T.T.T.............T.....T.....T..T................T..... 25
TTT..T.....T.T.T...T..TT..T....T....T.T.........T.....................T...T..T.....T......T..T.T...T....T...T............................T...T.......T 27
...T....T...............TT....T........T....TT...T..T.T.....TT........T.....T....T...............T...T.T.T....T..T..T.....T.T......T..T..........T.T.. 30
.............T.T....T........T.........T..T....T...............T.......T..T...T......................TT.............T...T....T.T....TT.T.T...........T 25
T....TT..T..T.T...T.....T..TT...TT..T.....T...T.T...T........T.T..T...T.T.T..T....T..T.....T.TTT...T.........T...T....T.T.T.T..........T......TT....T. 37
5 4 3 4 4 3 5 3 5 3 4 5 1 7 3 4 4 5 2 5 4 4 4 5 1 5 1 8 2 7 0 9 1 8 1 4 3 1 6 3 6 2 6 2 5 3 6 1 7 2 5 4 3 4 3 5 3 4 3 3 5 3 4 3 4 4 4 2 1 5 4 4 3 3 6 1 5 4 4 5 2 4 4 3 5 4 4 3 1 4 4 2 6 2 6 1 3 3 4 4 3 4 6 4 2 6 1 5 4 2 6 2 5 3 4 3 5 3 5 4 2 4 3 5 3 4 5 2 6 3 2 5 3 6 2 6 2 4 6 1 5 2 2 2 6 1 5 4 2 8 
