20 30
T.T...T.........T.....T.....TT 6
....T..T.T.T.....T..T..T.T.... 8
...T.T....T...T..........T.... 2
T............T........T....T.. 7
...........T...T....TT........ 5
.....TT.TT....TT...T...T.....T 5
.T..T.......T.........T...T... 7
.........T.......TT..........T 3
.............T...T.......T.... 8
...T...T........T...T.T.....T. 3
.T..T....T...T.....TT....T.... 9
...T..T...TT...........T.....T 4
..T..T...T.T...T...T.......... 7
...........T.....T......T..... 4
.T.TT..T......T...T....T..TT.. 7
..T......T.T.......T.......... 6
...TT..T......TT..T.........TT 4
.T..TT.....T...........T..T... 7
...T..........T............T.. 5
.........T......T..T.T...T.T.T 7
3 3 4 5 5 4 4 2 6 3 3 5 4 2 5 4 4 3 5 3 4 3 2 5 3 4 4 3 5 4 
