20 100
..........T.T..T..T...T..T...TT.......T.T...T...T......T..T..T.T.......T.T......TT..........T......T 27
...T..T..T...T.....T............T............T...T.T...T....T....T....T....T...T...T..TTTT....T..... 16
T...T.....T.....T..T.T....T...T....T..TT....T..T....T.....T..T.T....T...T....T....T.........T....T.. 22
...T...TT............T......T....T..T....T.....T..T.....TT.T........T.......T.T.....T.....T....T...T 13
T...................T.T.T....T..........T........TTT.........T.....T.T...T........T.......T......TT. 23
..........................T.T..T...........T...TT.....T.......T..T.................T....T..........T 20
.T...TT....T.T.T.TT....T..T.....T.....T..............T.T..........T..T..T.T.................T....... 14
........TT..T...T.....T....T....T....T..T...T...........T...T...........T...T....T...T..T.....T..T.T 20
TT..T...........T.....................TT...T..T.T..............T...T.......T......T....T.....T...... 18
.T........T.....T.....T.......T...T..T....T...T....T........TT.......T..T.....T..T...T.T.T....T..T.. 15
T.......T...T...T.TT...TT..T...T....T....T.T......TT.TT...T......TT.......TT............T.......T... 22
.T..T......T......................T..T.......T.........................T.T...............T.T.......T 18
T....................T.TT.....T....T.......T....T...T......T..T.......T....TT...T..T.T.T............ 18
.T...T..T...T....T.T....T...T...T....T..T....TT...T...TT...TT......T...T...T.......T..T.T...T......T 22
......TT..T...T......T..............T.....T.....T......T......T.T.....T.......TTT.......T.T.....T... 20
T..T...T...T...T.T.......T...T...T...TT....TT.....T....T....T...T....T...T............T........T..T. 22
........T.....T......T......T...T...T......T...T......T.T........T.T.....T...T.......T....T..T...... 16
TT.T.......T....T.T...T.T................T...T....T.T.......T.T..........T........T.T.T....T..T..... 24
......TT.....T..T....TT...TTTT.TT....T..............T..T.T.T......T.........TT......T....T.........T 14
..T...T.T...TT...T..............T.T......TT...T...T.T.......T..T..T..T..TT...T.T...T.......TT..T.... 30
7 2 4 4 4 4 5 3 5 3 3 5 3 4 3 5 4 5 5 3 4 3 4 5 2 5 3 4 4 4 4 6 1 7 1 5 3 3 6 3 5 4 5 3 4 4 4 4 4 6 2 7 1 6 3 5 4 5 1 6 3 5 4 3 4 5 3 5 1 5 4 4 4 4 4 5 3 4 4 3 2 6 2 5 4 4 3 6 3 4 5 1 5 4 2 4 3 4 4 5 
