20 230
....T.T...T....TT..T....T..T.....T.T.T.......T..T....TT.....T.....T...T......T.T.T...T............T................T...T.T.T.T.T.T........T..TT...T.T.....T..T...TT.....TT.T..T...T...TT.....T.T...T.TT.....T.......TT......T......... 62
...T..................T.T.....T....T.............T.........T.TT..TT....T...T.....T..T...TT...T....TT.TTT.TT....TT..T....T................T........TT..TT......T.....T.....T.......TT......T.......T....T...T..T..T.....T.T...TT...T.TT 35
....T.......T.....TT.................TT..T...T.T......T..............T........T....T..TT....T........T...............T.T......T............T.................T......T.T....T...T...T.....T...T..T..........T...T.....T....TT....T.T... 50
...T.T..T..T.TT........T......T....T.T..T..T.T.........T.T..............T..T..T.T.T.............TT......T......T..T...T.T......T...T.....................T....T...T.......T....T..............T.......T...T.....T..T..T...T.T..T.....T 34
..T.............T..T......T....T...........T...T..T............TT...T...............................T.......T.............T.T....T..........T.T....T.......T..T......T...T.......T........T........T.......TT...T.T..T.......T........ 49
....T..T.T...T....T..T...T.T.......................T.TT.....TT......................T..T......T....T...T.T..T..T.....T.....T.............T..T...T...T.T..........T........T..T.....T....T.TT....T..T......T............T.......T...T.T 31
T.......T..T...T.T.........T......T.T...T.T......T........T..T.T.T..........T..T...T....................T.........T..T.T....T..T.......T..T...........T..TT.T...TT.TT.T......T.............T..T........T...........T........T.T.T..... 45
.....T........T.....T........T................T........T.T.T.................TT...T...........T.....T.............T..............TT.T......T...........T..T...T.T.............T....T..T........T..T...TT..T..T..T.....T............T.. 39
T.T...T...T............T.TT.......T..T...T..........T...T....TT.....T..........T.TT.......T..........T.....................T...T...........T..................T......T.T..T.T..T..T....T.......T.........T.T......T.....T....T........ 31
......TT...T....T.T.............T.T.......TT.....T...T............T....T................T........T.T...T...T.....T...T.T.............T..TT......T...T...T.......T.T..............T........T........T........T......T.T.....T..T....... 41
..T.....T.T...........T.TT...........T...T..T.T...TT....T..T...TT........TT....T......TT...T..T..............T......T.......T............T.T..........T..T..T.T..T.T.T.T..T....T...TT......T.T..T...T....T....TT.T....T..............T 30
..T.T.............T..T.T...T...T..............T.T.T....T...T.T...................TTT....T.........T....TTT.......T.....T........T..T.........T..............T...........T...............T......T.T.............................TT..... 46
..........T.......TT...T...T...........TT..T.........T..................TT..TT..T............................T............T......T..T....T......T.T..T.T...........T...T..T.....T...TT.....T.........T.T....TT.T........T............. 30
........T........T...T............T.............T.......T..............T...........T..T...T.....T..T.T.T.........TT.......................T.........T......T....T.............T........T.T.T.T........T...T.T.....TT...T....T......... 44
...T.....................................TT........T...T....T..T.............T...T...T....T..........................T.....T..............T..T..T........T.......T....T.............T..T........TT........T....T...........T...T...... 30
........T.........T..T.....T.........T....T..TT....T....T....T..T.............T.T..T........T......T.TT...T...TT.......TT.T.T...........................T.T...T...............T....T.........T...T..T.........T...............T....... 38
....T..T..T..................T..T....T.T.T.......T.T....TT..T..T............T.......................TT...T...T..T..T.........T.T..T.T.T...T..T....T...TTT...........TT.T...T..........T..T...........T.T......T..TT.T.............T... 36
...........T.T..TT......T..............T......T........T..................T...............T.............T.......TT..T.T..T.......T.......T..T.......T.T....T..............T........T.T............T..........T..............T..T.T.... 34
......................T.......T...........TT......T..T...TT.T...............T.T......T.T.......T........T.....T..........T....T.T.....T....TT................T.T.T.T...........T..........T.....T....T...TT......TT...T..........T.T.. 36
.TT....T..T.TTT.....TT.T....T......T.T.T.....T.T.......T......T...T.T...T...T....T......T...T.......T.T..........T..T..T......T.T.T.T....T...T....T....T.T........T.TT...T....T.T.T.T.T..T...T...T..T......T.T..T...........TT.......T 56
2 3 0 6 2 6 2 7 2 4 4 4 2 3 3 2 3 6 2 3 6 0 7 3 6 2 5 2 2 5 1 3 2 0 3 3 4 4 4 4 3 6 3 4 5 1 6 2 6 3 4 3 6 2 5 4 5 3 5 2 4 5 4 5 3 4 1 3 1 2 2 1 4 2 3 2 5 4 5 2 7 2 6 1 7 1 4 2 5 1 5 1 2 0 4 1 2 3 3 5 5 4 4 5 4 2 3 3 1 4 1 5 2 5 3 4 5 4 4 3 6 1 3 2 5 4 3 4 4 2 4 2 5 1 2 1 5 4 3 5 4 5 1 3 2 2 3 4 1 5 3 6 3 6 3 4 4 4 3 4 1 9 1 8 2 5 3 4 5 1 7 0 4 3 2 5 3 4 5 4 6 2 3 3 4 2 5 4 4 3 6 1 7 1 4 4 3 6 0 7 1 6 4 2 5 4 3 5 4 5 4 5 2 5 2 5 1 2 1 3 6 3 4 3 6 2 1 5 1 5 
