20 130
TT..T..T...T...T...T...T.......T...T.T....T.T.......T..T...T..T..T......T..T..TT.....T.......T.............T..T.....T..T..T.....TT 33
..T...T.TT......T.T.........T..T....T............T................T...T.....T...T..T...T.....T.T...T.....T.........T....T...T..... 20
....T........TTT....T...T.........T...T..T...TT.T...T.......................T......T.....T.......T........T..T...TT...T........T.T 27
......T...T..........T...........T.....T.........T.....T......TTT.....T.T..........T..T...T......T..T...TT.......T........TT.T.... 25
..TT..........T.......TT..T.T...T.T....T...T..........T...T..........T........T.T..T....T..T...............T......T...T...T....T.. 24
...........T.......T..TT......T..T...T....T...T....T............T..T..T....T.T......T.....T.T..T.....T..TT....T....T.T...........T 24
................T..........TT...T......T...........T.T....TT..T.....T....T........T.......T..T.....T...................TT......... 18
...T.......T...T...T...TT.........T...T......T....T....T....T.T.......T........T.......T......T...T..T...........T.......T..T..... 17
...........................T..T...T....................T...................T....T.......T...........T......T....T....T........T... 21
.............T.TT.......T.T..T..T.......T.............T........T.T.................T..T........T..T.........T..T.....T..T..T....T. 14
...T....T.........T..T.............TT..T......T..T....T.T...TT.T.....T.....T.....T.T....T..T....TT..T.........T..T...TT.........T. 28
.........T................T..T..T...........T.....TT.............T............T...T.........T..T..T......T.......T..T....T..T....T 21
...........T....T...T..T.....TT......T....T.....T...T.......................T.T.....T....TT............T...T.T...T.....T.......... 31
.T..T.T..T...T.T...T.TT....T.....T..T..T......T..T...T......T....T..T.T....T.......T..T.................T....T..............T..T.T 17
....T.....TT..T......T..T..........TT.T.T.......T.........TT..T..TT...T...T...........T.T...TT....T....T.T..TT....T..TT.T........T 29
T.....T.......T.....T...T.......T..........T.T......T...T...............T.....TTT.......T.......T............................T.T.. 22
...T..T....T....T.T..........T...TT.T..............T...T..........T..T...............T.TT......T....T............T...T.T.T......T. 23
T........T...T.......T..........T..........T.................T..T......T.....T.T...........TTT..........TTT...TT..TT..T......T.T.. 26
....T..TT.T......TT.T..T.T......T.....T..T....T.T..T....TT..T.T..........T.T......T.................TT..T.......T........T....T... 19
..T....T...T...T.T.............T....T.T.T......T.T...T.....T....TT..T.......T..TT.....T...T...T..T....T.....T.T....T.......T...T.. 34
2 4 2 3 5 2 5 2 3 4 3 5 5 2 7 0 8 1 5 3 5 2 6 3 5 3 3 3 3 4 3 4 5 5 3 6 4 6 3 5 1 5 2 3 2 3 5 2 5 3 4 1 4 5 3 3 5 2 2 3 3 4 5 4 4 3 5 2 2 5 3 3 3 2 3 3 4 2 6 3 5 3 5 3 6 2 4 6 2 5 3 4 3 5 1 4 5 3 2 6 0 6 2 3 2 5 2 5 4 5 3 3 3 4 3 5 5 3 5 2 5 5 3 3 6 2 5 4 3 6 
