20 90
..TT......T...T.T....T..........T....T..T...T......T..T.T..T.........T..TT.....T...T...... 27
........T..T...T..T...T..T..T..T...T.T...T.....TT..T..T.......T.T............T..T.T....... 8
..T...T...T.T.............T.........T......T..........T..T.T.T..T.......................T. 18
.................T.....TT........T..T.....T.......T...T.................TTT........TT..... 12
..T........T.......T....T........T......T...T...T.TT........T..........T....T.T.......T..T 15
........T...T.T.T...........TT..T..........TT..T.............T....T.......T..T....T..T.... 19
......T..T.T..........T...TT........T..T.T...T.......TTT........T.........T..............T 13
....................T..........T.T.....................T.........T..................T..T.. 12
........T...T....T.T..T.T.........T...T...T.T..T...T.....T........T...T...T...T........... 17
...............TT...............T..T........T.......T.......T.T..T.........T....T...T..... 16
.....T.T.T..T.........T.T...T.T..T...T.T..............T.T.........T..T...T..T.T...T....... 17
T.T....T.T...T..T.T......TT...............T.....T.T...T..T..TT..........T..T.T............ 18
..T.....T..........T.T....T.T.T..TT.....T...T.T...T.T.....TT.......T..............T....... 13
.T...T.....T........T.......T.....T...TT.....T...........T.....T...T..........TT....T..T.. 18
T...T............T...T...T..........T...T........TT..T........T.......T...........T....... 15
.....TT.T.........T......T.....T.T.....T......T.............T....T......T.T....T.......TT. 12
....T........T................T.T.......T.....T..T..T.....T.........TT...............T.... 19
.....T.....T..T..T...T.T..........T.T.T....T....T...T.T.......T........T..T.T..TT......... 15
T..TT...T..T......T.T..T........T..........T..T..........T....T...........T..............T 12
.T......T......TT.T..........T....T..T.T.........T.TT..T......T..TT..T.......T..T..T..T.T. 22
5 1 2 5 2 4 3 4 4 5 5 3 5 1 2 4 1 9 1 3 4 4 5 2 6 3 3 2 4 1 5 3 4 6 3 5 3 5 3 5 3 6 2 5 3 5 2 7 2 3 6 3 4 6 3 3 4 1 5 1 5 5 4 3 4 4 0 6 0 3 2 5 3 3 4 5 2 4 4 3 3 5 2 4 3 3 2 2 1 5 
