20 230
T.T..TT.........T.TT...T.T.T.......T.TT......T........T........T.T...T..T...T.......T.TTT........T......T....T.T..T....T.....T.T....T...T....T........TTT..T......T..T..T.TT....T..T....T..T.......T.T.TT..T..T..T.....TT..TT.T....... 51
.......T.T...........TT....T..............T..........T.....T..T...........T..........T.....T........T.........T...........T........T....T.T......T..T..........T......T...........T.T.......TT..T................T......T....T..T.T..T 44
............T....TT.......T...T.T..T..T......T.T..........TT........T.T............T....T..T...T.......T..T..........T....T...T.T....T...T........T......T......T...............T...........T...T..................TTT...........T.... 33
....T.....T...T....T..T.T....T......................T.........T....T.......T..........T....T..T.T..T...T..............T.T........T..TT....T..........T.....T......TTT......T.T..T.T...T.......T...T......T..T..T.....................T 39
......T.......TT.........T.......TT....................T.........T..................T........T...........TT.T.............T.....T.............T.....TT....T.T..T.T..T....TT..T......T......T............T.T....T....T..T....T..T..T.T. 33
...T.T...TT...............T..T.......................T........T.....T........T.............T...T..T.........................T..T..T.T..TT.T..............T..................T......T...T..........T...T.........................T.TT.T 35
.......T..T...T.....TT...T................T................T.....TT.........T.....T..T...T...T.....T....T..T.T........T....T.....T.T.......T........T..T.....T....T..T......T........T...T..T..TTT..........T....T..TT..T............. 38
...T..T.......T.........................T..........T......T..T.....T...........T..T.............T...T..T....T.......T...T...T.T......TT.......T..T.......T.......T.....T......T....T..T....T..................T.T..............T....T. 34
......T...................T.....T...................T.........T..T.............T.T..T......T...................T..T....T........T...T..T...T.....T....T.T.................T..T........T...TT.TT.............T.TT.......T.TT..T..T.T... 39
...T....T......T..........T.......T........T..T......................T....T........T...T.T................TT....T.T...T........T................T..........T..T....TT..TT.T.......................T..T.T..........T................... 34
.......................T........T.............T................T.T.T..T.........T...T....T.T.......TT.T.T...................TT.....T....T...T.......T.T...T......T...T................T............T.........T.......T...T..T.T.TT.T.. 29
.....T.T........T...T.....T.T...T.....................T................T...T..T....T.........T...T.T..T.T.T.............T.............T.T...T.T....T...T..........................T......TT.T..T.T....T..T.....T...........T.......... 39
...T..T..T......T.............T.TT...........T..T..........T.T.....T....T.................T.T..T.T....T...........T......T...T.T...T.T......T....T......T..T....T...T....T.T......T........................T..T....T.......T.T....T.T. 31
T..T...............T......T..T.T...T.....T......T........T....T..T............T....T...T..T......T...T.............T...T..TT....T....T.T...T..TT...T...T...T.....T.T.....T........T.........T.T...............T...............T...T... 45
..T.T...............TT..T...............T.........T..T.....T....T......TT.....T.......T......T.....T...T...TT...........T.......T.T.......T...........................T...T..T.......T...T......T....T...T........T..TT..........T...T 33
TT........T...T.......T.....T..TT.................................T.T............T...T.T.T.....T.......T.......T....T......T..T..........T...TT.........T........T.T..T.T...T.......T..T...........T..T........T..........T...T.T..... 42
.....T.......T..T.T...........T..............T..........T...T...T.T...........T.......T............TT.....TTT...........T........T..T..............T..T..................................T.....T..T.T.......T.........T....T.T....TT.. 25
......T.....................T.............................TT..T......T.........T...T.......TT............................TT..TT.......T....T......T........T.....T.......T...................TT.......T...T...T....T....T.......T..... 37
....T...T.....TT.......T..................TT.....T................TT.....T.........TT........T...T...T..T.........T..T.T.......T.T......T....T..T.....T..T.T..................TT...............T..T....TT..T....T....T...T....T.....TT 29
T......T...T....T.......T.T.....T...........T..T...T.....T.T.T.T.....T..........T.T....TT..T...TT..T.......T..............T.T.....T....T.T..........T.........T....TT....T....T.............T...T..T.........T...T.T..T.T..T.....TT... 55
3 1 3 5 4 2 6 2 5 2 3 3 1 4 1 6 4 2 2 2 4 1 6 1 3 5 3 6 2 3 3 4 4 4 3 1 1 0 2 0 3 2 2 1 0 3 4 3 1 2 0 0 3 3 2 1 3 1 4 1 6 1 9 1 4 4 5 2 7 1 4 2 4 2 0 3 2 0 5 2 4 1 4 4 4 4 6 2 6 2 5 3 3 6 1 4 4 5 3 3 6 2 4 3 4 4 4 3 6 2 2 3 0 1 1 4 2 5 1 3 6 4 2 6 2 4 4 6 3 5 4 4 4 4 5 3 6 3 4 4 4 4 2 4 1 2 4 5 1 6 2 6 1 6 2 2 5 0 4 1 4 4 3 6 4 2 4 2 3 3 7 1 6 2 4 3 0 3 1 5 1 5 3 3 1 1 6 3 6 1 6 3 5 3 6 1 4 1 6 2 0 4 3 5 3 4 1 5 4 3 4 3 4 2 8 1 5 2 1 5 3 6 3 6 3 6 2 6 3 7 
