20 140
...T..T.T....T....T.T....T.........T...T..TT....T........T..........T...T.T.T.T...T.T..T........T.T.T..T.......T.T....T...T.T...T.T.T..T.... 42
...T..........T.................T...T..T..............T....T.T..TT.....T.......T......T...T.T........T.T.T..TT...T..T......TT..........T..TT 17
TT.....T...T.T.....T.......T.TT....T.T.......T...T..T............T...T.....T.T....T...TT..T......T...................T....T..........T..T... 29
.T.....TT.T......T..T...T.T.............TT..T......T...T.T..T.........T........T..T...T.T..T..T.........TT.T.......T....TT...T.T..TT........ 27
...T.......T.........T..........T.......T....T.T..T...T...............T..TTT.T...T..........T......TT......T..T..T..T.................T..... 26
.....T.........T.........T...T.....TT...T..............T...T..T..TT..T.......T.....T.....T........T.....T.........T.......T..T....T....T...T 26
T........T......T...T.T.........TT...T......T.T.....TT...T.T...T................T.T.........T..T...T...T..............T........T.........T.T 22
.....T.....T.........T.T......TT.......T.T........T........T..TT.....TT...T.........T.T..T.T....T..................T.T..T..T....T..T.TT..... 29
T......T.....T....T.......T..............T..T...........T..............T.T.T...T.............T.........T..TT.......T..........T............. 23
..T..TT..T..T..TT....T............T.T.........T.T..T.T....T.........................TT..T........T.T.....................T.............TT... 22
............T....T....T.........T....T....T.............T...T...T..T..T.T....TT....T.T.........T......T...T...........T.T.T.........T..T...T 23
.....TT.............T.T.T...................TT.........T..T....T...........................T......T...............T...T..T.....T......T..T.T 20
.........T..........T.........T.T.......T.T......T........T.T...TT...T........T.T.T.T....TT..T...T....T..T....T...T...............T......... 27
......T.T.T.T.T.T.T..T....T....T...TT.......T..T.T..T..........T.....TT....TT.......T......T....T...T..............T..T.T..T.T...T.......T.. 26
.......T.T.....T........T.......T........T...............T........T....T.T.....T..T............T.T.T............T.........T....T..T.....T..T 20
............T.T....T....T...T.......T.......T.......T............T........T..........T.....TT..........TT...........T.T...T....T....T....... 29
....TT....T......T..T..T....T.....T..T......T...T......T....TT..T..T......T.....T....T.T......T...T.......................T...........T.T... 21
T......T.........T......T....T..T.......T.T.........T.........TT..........T................T.....T....T....T....T....TT..T....TT....T.....T. 25
..T...T.T....TT.T..T....T.TT.....T.....T................T........T...T.T..........T...T.....T....T................T.............T..T..T...T. 21
.T.T.T...T.T.T...T...T.......T.......T.T...T.TT.....T.....T..T.T.....T...T...............TT....TT..T...T..T.T.T.T..T....T..T...T.........T.. 37
6 0 6 0 3 6 3 7 2 7 2 6 3 4 4 4 4 5 2 6 1 7 2 5 2 6 2 2 3 2 5 2 5 2 3 4 2 8 2 2 7 2 6 0 9 0 3 6 3 2 3 1 3 5 1 8 0 6 2 5 4 2 6 2 4 5 3 3 4 4 3 7 3 5 3 3 5 3 3 4 2 5 4 3 3 5 4 1 7 0 7 2 5 3 3 6 2 4 5 4 4 2 4 4 3 6 3 2 2 1 1 3 2 3 6 3 5 2 6 3 3 7 2 5 3 2 6 3 4 3 4 3 3 3 5 2 7 3 4 5 
