20 90
T.T..........T.T....T......T.T.....T....T......T.T...T.T......T.T....T...T............T.T. 23
......T....T........T...T..T....T...T.......T....T........T.T....T.....T..TT....T......... 14
..T..TT..T.....T.T.....T...T.T....T...T..T..T..T...T...........T..T...T.......T....T...T.. 17
........T...T.T.T...............T...T.........T.T..................T.T...T.T....T....T...T 16
T.T.T.......T..T.T...T...TT........T.....T............T..T..T...........T................. 17
.........T............TT...T...........T..........T..T........TT..........T..TTT...T.T.T.. 16
T..........T.T..T..............T...T..T..T..T..T........T...T.....T..T..T..T......T......T 17
....T.........T.........T....T...........TT.....T......T.........T..................T...T. 16
..T......T..T....T.T.T...T..T....T.........TT...T...T....T....T......T.......T.T...T.T.... 15
..T...T.......T....T.T.T......T....T...........T..T................T..T.....T............T 12
............T.TT.........T.....T.....T......T....T...TTT...T.T.T.........T...........TT... 15
.................T...T....T...T.......TT....................TT.....T.T.........T..T....... 19
...TT.T..T.........................T..T......T.....T..T.T.............T.....T............. 12
TT....T..T.....T.T.T..T...T.....T..T.T.........T......T........TT.T...T....T....T.TT...TT. 19
............T.........T....T..T.......................................T.........T...T.T..T 12
.........T...TT.T...T.......TT...............T..........T...T...T...T...T..T........T..... 16
.......T..........T....T.........T..TTT...T.T..............T.....T....T...T...T........TT. 17
.T.TT...T....T.....T...........T.....T.T.....T.....T.T..T.T....T....T...T.T.....T...T..... 14
T....................T....T..T.................T..TT.......TT...T...T.................T... 19
....T.T...T.T..T.T..T..T...T..TT...T....T.T.....T....T.T..........T.T...TTT..TT..T.....T.. 22
2 5 2 5 3 4 2 5 2 5 2 5 5 0 9 0 7 3 2 6 1 7 2 6 1 4 5 4 4 3 5 2 5 3 3 5 2 5 4 4 1 4 2 2 4 4 5 5 3 3 1 5 1 6 2 2 6 2 3 5 2 5 3 3 6 3 2 7 2 6 3 4 5 1 6 2 4 4 3 3 6 2 3 3 3 5 3 5 3 6 
