20 190
T............T....T.T.....T.T..T...TT...T......T.T.......T..T..T....T..T........T..T....T.T.T..T..T..T...T...T..T.TT.T....T...T.T.TT....T.T........T........T.TT.T.........T...T...TTT....T..T 49
.T.T..T..T.......T....T.......T......T..T.T...T...........T......T........TTT........T.T.T............T.....T.T.......T.T.T.........T............T....T.T.......T...T..T.....T..........T.T... 30
............T..T....T....T.....T..T.........T......TT....T..T.T.....TT...T.....T.T..T....T...T......T..............T...T.....T.T......T....T.T.................T..T..........TT..T............ 37
T...TT....T...T..T......T..T........T..T......T.......T.T......................T....T.T........T...........T..TT......T...T.....T....................T..TT..TT.........T.TT......T..T..T...... 33
........TTT...........T....T.T...........TT.T..T.TT..............T..TT...T...T......T...T..T.T.....T...T..........T..........T.....T....T.................T......T....T.........T....T....T..T 38
...T..T..................T......TT.TT..T................T..T...T..............T.T..............T....T...T....T..T.T...T.T...T...TT.T.........T...T..TT...T........T.T..T......T........TT..T.. 37
T..T.............T.T..TT......T....T......T............T.....T...T.TT...T.TT.....T................T....T..T.T.....TT......T...TT.....T..T......T...T............T...........T....T.T.......... 34
.T.......T.TT.............T......T......T..............T.......................T.....T..T.T.........T.........T.........T........T........T.....T....T....T..T...T..T..T..TT......T...TT..T..T 41
..............TT.....T.......T.......T.......T.............TT.T......T.T.T..T.............T.TT...T.T...T.T.T..T....T.T...T..............T........T..T....T..............T..T............T..... 26
.T.T.T.T....TT..........T..TT....TT..T............T...T..T.....T.T..T.......T...T.......T..T.....................T............T.....T..T...TT.T.T..T...........T......T.........T.....T....TTT 35
T.....T.T.TT..T.....T.........T..T..T............T..T.......T...T.......TT....T..T.TT......T...........T..T.............T.T......T..T...T....T..T......T...T.....T....T.....TT...T......T..... 28
.................T...T.......T...T......T.T.T...............T........T.............T..T......TT....T.......T......T...TTT....T....T....T...T......T..TT.......T...T....T..............T....... 34
T.T.......T............TT...........T........T...T........T.TT..............T...............T................T..T...TT...T..T...T.........T..........T.....T........T..T..T....T...T......TT.. 37
..T....T..T....T....TT.....T.....T.....T.T...T.T.....T..T.......T.T....TT.......T.......T.....T......T..T....T..............T...T.T...TT..............T..T......T.....T......TT...T.T..TT..... 27
T........T..T.....T......TT....T...T.............................T..T.........TT..T..T...T......T.T..T...TT......T......T.....................TT.....T...T..T.T.....T......TT.T.............T. 42
..TT......T.....T.....T.T....TT.....T....T.T......T.T.....T........T..T...T.................TT.T.....T.............T..............................T.......T...T....T.........................T 29
........T....T............T.....T..T..T...T.T.T......T.T...T....T..T.....T...T..T................T..T.........T.T....T...T.....T....T....TTT...........T.......T......T.T..........T.......... 38
.TT...............T.TT..T.................................T..T...T.......TT..TT.T......T...T..T....T.....T.T.....T...T....T...........T......T...T.....T.T...T............T.....TT...........T 26
....T..........T......T..TT....T...T..............T....T.......T.....T.....T..T.........T.T..T.T.....T.T....T.TT....TT...T..T......T...T..........TTT......T........TT.T.........T...........T 37
.T....T...TT..TT............T.....T..T..TT.....T..TT..T..T...T.T....TT............TT..................T...........T.....T.....T.....T.T...T....T............T..T.T.....T.....T...T....T..T.... 39
8 2 6 3 3 1 6 2 5 3 4 4 4 2 7 2 5 2 2 2 3 5 4 4 3 5 4 4 4 4 4 4 2 8 2 6 3 3 5 3 5 2 5 2 4 3 4 2 1 3 6 1 3 4 0 6 2 6 2 5 4 5 1 5 5 3 4 4 6 2 4 3 6 3 4 3 4 4 2 6 2 7 2 5 3 3 2 3 3 5 4 3 6 3 4 4 3 3 3 4 1 6 2 5 2 5 3 4 3 6 3 3 6 2 4 3 5 4 6 4 4 6 3 4 3 2 3 3 6 1 6 3 4 2 4 4 3 4 4 3 4 2 1 3 3 4 4 3 6 2 6 3 1 5 2 6 2 4 4 3 6 2 5 2 4 3 6 3 5 1 5 3 3 5 2 6 2 3 6 2 3 6 1 4 4 3 2 5 3 6 
