20 30
.T...TT....T....T.....T..T.... 5
T......TT...........T......T.. 7
.............TT....T.T.T...T.T 3
...TT.T.T..TT.....T.....T...T. 9
.T........T..T...............T 5
............T..TT...T.T..T..T. 8
........TT.................... 3
.....T...........T..T...T....T 9
T.T......T....T.T....T.T...T.. 3
T...T...T..T.....T..........TT 9
...T..T....T.T..........TT.... 4
T........T.T..T............... 5
...TT...........T..TT...T..... 8
T.........T...............T.TT 2
...T..T......T..TT.T.......... 8
..........T...............T..T 4
....T...T...T..........T.T.... 6
.T.T.T.....T...T....T..T...... 6
........T........TT.T.T..T.... 2
.T...T...T...T.T.T...T.T.....T 12
7 1 5 3 3 3 3 5 4 5 3 3 7 2 5 3 2 5 4 5 2 5 3 4 5 5 2 5 2 7 
