20 100
T......T.T...TT...T...T...........TT.........T.T......T..T..........TT.....T........T.TT..TT...T..T. 24
...........T....T..T.T..T.............T..T.........T...................TT............T......T....TT. 11
T......T.TT..........T.T....T..........T.......T...........T............T.T.....................T... 13
.........T...T.....T.T............T.........................T..T.T............................T.T... 12
.....T...................TT....T.T.....T...............TT.....T...T...............T.....T........... 12
.T...........T......T..............T...........T...............T............T...T...T............... 13
....T......T...TT.........T...T......T...............T..........T.T.........T......T..T.T......T...T 17
.T.T..T.T....TT..T.T..T.T.........................T.......T................T.....T.......TT.T......T 12
.......T...................T.....T...T..............T.....T......................T..T...T.........T. 13
......T.T.....TT....................T.........T......T...........T..........T....................... 10
...........TT........T..T...T............................T.........T............T................... 6
...............T..T..T...T.T.......T...T...............T.........T....T....T......T..TT.........T... 20
...T..T.T.T....................TT...............................T...T.....T..T.T......T.......T...TT 9
...T......T........T...........T..T...T...T.............T......T.....................T..T...T....... 14
.....T.T..T..TT..TT....TT.TT..T....................T.T............T.......T........T....T.......T... 17
..........T.T.......T...T..........T.............T...................T......TT......T......T........ 12
....T.T...........T....T..T.....T.....T....T.............T..............................TT...TT.T.T. 10
..............T..T......T......................T...............................T.T..T......T........ 14
.T.......TT.T.....................T.T..T..T...................T..........T...................T...T.. 15
..T...T..T.T...T....T..T...T.....T....T............T......TT....T..........T..T.T.TTT.T..TT....T.... 19
1 4 0 6 0 2 7 2 6 3 4 4 5 3 5 3 5 4 2 5 3 4 5 2 5 3 6 1 2 1 0 5 0 4 4 1 4 3 6 2 0 2 0 2 1 0 3 2 0 1 2 1 3 1 1 2 2 6 0 2 1 1 2 1 6 0 5 2 0 3 0 2 2 1 1 6 3 2 3 1 3 3 2 5 2 8 1 4 5 3 2 2 3 4 3 2 5 2 6 3 
