20 50
.T.TT.......T.T.T..T..........T..T..T..T.T......T. 13
.....T....T.........T...T..T.T.............T...... 10
T..T...T....T....T.T..T...T...........T..T..T.T..T 9
...............T........T.................T....... 8
...T....T..T.....TT.....T.....TT......TT.......T.. 9
.TT..TT...T.T..T.....T.....T..T...T.......T.T..... 10
.T..T.T..............T....T...T..T...T...T........ 10
...T.....TT.........T..TT...............T..T.T..T. 9
......TTT....T...T..T.T....T.T.T..T..T............ 10
.....T.....T....T................T..........T..T.T 12
.T..T..T..T.......T.T..........TT...T.....TT....T. 7
.T.............T..........T.T..T........T.T......T 12
.....T..T...T....T....T......T.....TT.......T..... 7
...T.....T....T.........T.T....TT.............TTT. 13
.T....T.....T.T...TT.TT................TT......... 10
T....T..T............T......T.....T.......TT.T...T 7
..T.............T.....T..TT..............T.......T 10
..T..T...T..T..TT...T..........T.T..T..........T.. 8
.......T....T.......T...T..........T..T..........T 6
T...T..T.T...T...T.....T..T..T..T.T.T.T...T...T... 17
4 5 4 6 2 6 4 4 2 5 4 4 5 3 4 5 3 4 5 3 7 2 5 3 3 4 4 5 1 6 1 8 0 6 1 7 1 3 5 2 7 1 7 2 4 4 2 5 4 5 
