20 110
.T........T...T..T......T......T......T..T.T......T......T..T...T.....T.T...T....T.......T.................... 16
T..T....T..............T.T..T.T......T...T.......T..T.....T..T..T.T.T...T.....................T.........TT...T 20
....T.T.....T....T......T................T..T.T.......T.T.....T..........T....................TT.............T 16
...T.....T..T..T.....T...........T....T.T...T.....TT.....T.......T...T..........T..T....................T.T... 24
..T.....T.T..........T.T.T......T.T............T....................T.....T..T....T..T.............T......T... 14
.........TT........T.T....T.....T......T............T.......T.T...T.T...T...T.T..............TT......TT...TTT. 18
.T....T......T.........T...........T.......................TT....T..........T..............TT................. 15
..TT....T.T........T......T...............T.........T........T......T.........T..T....T..T..T...........T.T... 15
.............T.........................T....................T.T...T.....T..T...T.....T...T.T..T......TT.....T. 12
T....T..............T.T...T...........................T....T....T...T................T..T......T.............. 14
.........T........T....T.......T.........T..T...........T...................T.T................T.............T 16
....T...T.T..T.....T............................T........T.....T..T.....T......................TT.......T....T 7
T..........T.T.......T...T.T.............T............T.........T........T..T......T..................T....... 16
...T.......T...T..............T....................T.......T............T..................................... 9
.........T..........T.......T.........T...T........T......T....T.T.......T..T..T.T....T....................... 13
...........................T....................TT............T...T...TT.....T............T................T.. 10
T........T...T.....................T.......T..........T...................................T...T..........TT... 11
T..........T.............T....................T.TT............TT...T...T..T...T........T.....T...T....T.T....T 16
............................T......T.............T.......................T.T.........T...T..T..........T...... 10
...T.....T..T...T.T......T....T................T....TT...T...T...T.T.T..T.T....T..TT...........T.....T.....T.T 23
5 2 3 4 2 1 2 2 3 4 5 5 4 4 1 2 0 4 1 3 3 2 1 4 1 3 6 2 2 2 4 0 1 2 1 3 1 1 1 2 5 1 4 2 1 1 2 2 4 2 4 3 2 1 3 2 4 0 6 0 3 3 5 4 4 4 4 5 3 3 2 2 6 3 4 5 3 4 3 4 0 3 2 0 3 3 1 4 2 3 1 3 1 4 5 4 1 1 0 0 3 1 3 5 3 3 3 2 5 4 
