20 30
.T.T...T..T...T...T..T..T..... 9
T.......T...T..T.........T.... 3
T...TT.....................T.. 5
......T..........T..T......... 5
.T......T..T...........T.....T 5
.T..T.T.......T..T..T...T.T... 5
...T.....T........T........... 8
.T........T.T.T.T......T..TTT. 4
TT............T.T....T.......T 8
....T.T...T.....T..T.......... 4
.T..T.....TT.T.....T.T..TTT... 8
.T...T....................T..T 5
.T.T...T...T.T......T...T.T... 6
.........T...T..T............. 5
....T..T...........T.......... 5
....T.......T..T.....TTT...... 6
.................T.......T..T. 4
.T.....T....T.T..T...TT..T.... 9
....T...T.T...T...TT...T....T. 2
T.T...TT.......T....T.....T... 10
5 4 5 4 5 3 4 3 4 3 4 4 3 4 5 4 5 2 5 3 5 4 2 6 3 3 6 2 3 3 
