20 180
...T...T.T.....TTT..........T..T.T.T...T.....T..................T...T.T...T.T.T.T..T.....T......T.T.T...T......TTT...T...T.....TT...T..T........T.T.....T.T....TT..........T...T..T. 32
T...T........T...........T....T..TT............................T...T.....T............T......T.............T.......T....T...TT........T.T.....T......T............T...T.T...T....... 41
.T................T..T.T..T...........T........T.T.T.......................T...T...T....T.T..T.....T..T..T.........TT.....T............T.T..................T...............T...T... 15
..T....T.T.........T....................T...T...T..............T.....T..T......................T..........TTT.T.......T.....T.....TT...........T....T...........T....T.T.....T...T.T 43
......T.....TTTT.........................T.......T.T.........T...T.....T...T...T....T..T......T.............TT..T...TT...............T........TT...T........................T...T... 16
....T......T......T.T..TT....T............T........................T.T..T....T..........T.T..T...T...TT...T..................T.......TT...TT.T......T........T.....T.........T...T.. 33
.......T.....T....T.........T..........T.T..T.T.T...............T.T..T........T.T.....T....T.......T....T....T...T...T..TT...TT................T.T.T....T...T.T...T......T.......... 29
.T..T.T...........T..T........TT...T.T.............T........T........T..T......T....T....T.........T.......T.....T...............T.T.TT..............T....T.........T.T......T.T..T. 34
T...........T..TT.......T...............T..T..T.....T.......T..T...T........T...T.....T.T..T..........T.T......T..........T..T..............TT....T..T........T.T....T.............. 24
.....T.......T.T....T.......T.T.............T....T.T.....T..T.......T.......T....T..T.....T.........TT...............T.T.T........T..T.........T.......T...T....T.T............T..T. 31
............T..........T.TT..T..TT.T....................T........T.....T.......T....T...T........T...T.....T..T...T..................T.TTT..T......T................T............... 30
..T.T..........TT........T......T.T..........T.T.T.........T.....T.........T..T...T.....T.......T.......T.T.....T...T.....T.T.....T...................T.TT....T....T.........T.....T 26
T.........T......................................T.T...T......T......T.T...............T..T.....T.......TT.T.........T.T.T.......T..............T...T.......T.T........T....T.T..... 29
.........T..T.....T..T...TT...T..T...........T.............T.............T......T....T............T........T..TT....T.....T...T...T...T......TT.T...T.......TT.....T.T...........T.. 29
.T...T..............T.........T....T......T.....T...........T...T..T........T..........T..TT..T..............T.....T...T..T....T.....T............T...T......T......T.........T....T 26
..........T....T...............T.T.T......T..T..T..................T.T.T..T..T..T.T..T..T....T.....T.T........T...T.......T....T........T.T...........T........T...T........T......T 31
.....T.T....T...T.......T....T..............T............T..T............T.T....T.......T.......T...T.....T......T...TT.T........T.T.TT.......T..T.TT.T........T...T.............T.. 32
.........T.....TT..........T..T...T...........T..................T........T....T.......T.................................T...T.T..............T..........TTT.....T.......T..T..T.... 26
T.......T.........TT..T.T........TT.........T..T.T.T..............T.T......T...............T.......T...TT............TT......T...T........T..T..T.....................T...T.T......T 28
...T..T.....TT.........T...T.T........T.T..T....T....T...TT.T.T.............T..T....T...T....T....T..........T...T..T...T.T.T.T..................T...T..T.T.T.T.T..T................ 37
3 5 0 6 0 2 5 2 3 4 2 3 5 3 3 5 3 4 4 3 4 2 3 3 2 5 3 5 1 6 4 2 4 5 3 4 2 3 1 2 2 3 0 5 1 6 1 8 1 8 1 6 1 0 0 1 4 0 3 3 1 3 3 2 3 3 6 2 5 3 2 4 2 4 3 6 3 2 5 2 5 5 2 4 2 5 3 5 5 4 4 3 0 6 1 2 4 0 6 2 5 1 5 3 3 3 3 6 2 3 5 2 6 2 6 1 7 2 6 4 4 4 4 5 3 6 4 1 5 0 6 3 4 3 2 6 1 3 2 4 2 4 3 5 3 4 3 5 3 6 3 4 2 3 2 2 5 3 2 7 2 3 4 4 6 1 4 1 2 2 1 0 4 5 3 4 5 2 5 3 
