20 170
....T..T.T...T.T...........T.....T..T....T..T..TT............T..T....T..T....T.........T....T......T.T..T.T..T.T....T.T..T.....T..T.......T..T..T...T..T.T.T.....T.....T.. 45
T.........T......T..TT..T..T.....TT...T...T......T.TT.T.T...........T.T.........T..T.TT....T.T...T..........T.TT........T.T..T.....T..TTT.........T...T....T..TT.....T.T.. 28
T.T.T...................T...T..............T.T....T.........T..T...T................................T..T..........T....T......T...T...T...T.....T..T.....T.T....T...T...T. 32
.......T.T....TT....T...............TT..........T.T.......T.....T....T...T.....T.........T.....T..T....T......T...T.........T...T...T..T................T.........T....... 31
..T..T..T....T..T.....TT..T.....T......T.T...T.......TT.T..............TT...T...T.T.TT....T.T.........T...T..........T..T...T.T..............T...TT.........T....T......TT 35
..T.......T......T...T...........TT..T.T...................T.T...T.T.....T..T......T..TT.........T..T...T........T...T...T.......T.....T..T....TT....T.............T...... 27
....T........T.....T..T..T..TT...T..T.....T.....TT..T..T.......T......TT.........T...T.T...TT.....T..T.T....TT..T.............T.........T................T...........T..T. 30
..T....T...TT....T........T......T..T...T........T.......T...T....T.....................T..T...T..................T...TT.T.....T.....T......T.....T..T...T..........T..... 32
...T..T..................T....T....T.....TT....T........T......T............T.T.T...T.....................T.....T........T.....T.T.T.T...T.....TT..T....TT.....T.........T 28
T.........T.T.......................T...T.T..T.......T...T...T..T.T..T....T.....T....T......T.T.T........T....T...T..T......T...T.T.............................T.....T... 39
.T........T..T.T.T........T.............T.....T........T.......T.T...T..T.T.....T.T.....T......T..T.TTT.....T.T..T...T.T..T............T...TT........T..T...TT.T........T. 25
.TT..T......T......T.T.T......T..T...T.................T.T.........TTT........T....TT......T..........T.....T..................T.....T.T...T.T..............T.....TT...... 31
...T..T......T..T......T.T...T.TT................T..T.......T.T...T......T..TTT.......T..T..........TT.....T...T...T.....T....T...T.....T.T..............T............T.T. 26
................T..T......T.........T........T.......TT.T...T......................T.........T...T.......T.............T.T..T....TT....T.....T.......T.........T.TT....... 33
T.........T...........T..T..T..TT........T.T...................T..T......T...T...T........T......T...T......T..T....T......T............T.................T..T..........T. 28
.T....T.T.....TT.............T......T...............T..T...T...T..T...T.T..........T....T..T...T..........TT.....T.T.......T........T....T.T......T..T........T.......T... 31
..T......T........TT.......T.........T..T...T....T.T.TT...T.T....T.....T........T................T.....T..T............T....T..T.T....T.......T........T............T.T..T 34
T............T..T.....T..T....T.......T.............TT.......T.TT...T..T..T..TT......T..T....T....T.T..T....T..T...T.T...TT.................................T..TTT..TT...T 26
.T.....T...T....T......TT.T.....T.T...................TT................T..T.....T.....T.........T.....T...T......T...T...T......T......T..T........T..T....T............. 31
....TT......T..T....T....T..T....T..T.........T.TT.......T....T...T..TT......T.T...TT.T...T.TT.........T.T......T.....T......T..T.T.TT........T.........TT....T...T....T.. 36
6 2 7 2 4 4 3 3 3 2 4 4 3 6 2 5 2 6 2 2 5 2 6 2 4 6 4 3 6 2 2 4 4 6 2 4 4 4 3 4 2 6 1 3 1 6 1 5 2 5 3 3 6 2 6 3 3 4 5 3 4 3 6 2 6 3 6 3 5 3 5 3 4 5 4 2 4 2 4 5 4 5 2 7 2 5 3 3 6 3 2 5 2 5 5 2 4 2 6 2 3 6 2 5 4 4 4 2 7 1 6 4 3 4 2 5 3 5 2 5 4 4 5 3 4 4 3 5 2 7 2 6 3 4 4 3 6 2 6 2 1 7 2 2 2 2 2 2 2 2 6 3 6 2 4 3 5 2 3 4 3 2 5 4 4 4 2 4 4 5 
