20 110
T...........T....T......T.T.T...T..........T............T..T...T.T..T.......T...T.T.T.T...T......T..T...T...T. 33
....TT...T..TT........TT...TT.....T...T...T.TT...T.T..T.T...T.....T......TT......T..........T.....T....TT...T. 14
T....T.....T....T.T.....................T......T.T.......T....T..T....T.......TT.T..........T.TT.......T...... 25
.........T.....T..T............T..TT...............T.T...T.....T..........T.........T....T................T... 16
T......T.............T...T...T......T....T...........T...T..T.....T.........T...T....TT........T....T..T.T.... 16
...T......T.T......T.T.T....T...........TT..T..T.T..T...T.....T.....T..T..T.T......T....T.T..T..TT..T.T.....T. 25
TT.....T..T...............T.T......T........T.TT..........T..............T.........T....T.........T.....T.T... 18
....T......T....T.....T........TT...T......T.....T.T.............T..TT.....TT.....T....T.TT.T..............T.. 17
........T....TT..T.......T.........T..T.T.................T.T..T.............T.......T.......................T 24
T.......TT..T.........T..T...T..T...............T...T.T.....TT....T.................T...T...T..TTT..T....T...T 15
......T.............T......T.......T.T.....T...........T......T...........T.T.T.....T......T.....T......T.T... 19
T.T............TTTTT.....T...T.TT.........T.....TT.T.T....T.............T........T....T....T....T....T...T.... 23
.........TT.........T.............T....T.T.....T.......T.T....T..TT.T....T....T...T..T........T...TTT...T..... 18
.....T.........T........T...T...T.T..T.....T.......T...TT....T.............T.......T....T.....T.............T. 26
T.........T.T....T...T..T....TT.....T..T....T........T......T....TT.......T..............T......T.....T...T... 17
...T....T.............T....T..............T..T..T.........T.....T.....T....T.....T.T....T.TT...T....T.......T. 22
T...T....T...TT...TT......T..T.T.T...................TTT.T....T.........T.........TT.T.T.......TT....T...T...T 20
.....TT..T................................TT.....T..............TT...T..T..T..TT........T..TT........T........ 19
...T....T.T.............T...............T...TT..T..........T..T.............T...T...T...T...T.............T..T 19
T......T.....TT..T.T.......T...TT.T...............TT...T.T.........T.T...T.T.......T.T.........T.T...TT.TT.T.. 25
1 8 1 3 5 2 5 2 5 4 6 2 6 1 3 4 3 3 6 2 5 3 2 6 1 7 0 5 4 4 6 2 4 2 5 2 5 2 1 4 1 6 3 2 7 1 4 4 3 5 4 3 5 3 6 2 6 3 7 1 6 2 5 1 6 1 6 3 3 3 3 2 2 4 5 2 7 2 5 2 3 6 3 5 3 7 2 6 3 6 2 5 4 4 3 5 3 5 4 2 5 2 7 1 7 2 8 2 4 4 
