20 70
..T.T....T...T..T............T............TT....T.......T..T.T......T. 16
....T...........TTT...TT..T.......T...........T..T..T.T.....T..TT..... 11
.......T............T.....T....T.T..T.......T...........TT.....T..T..T 9
T.T.......T...........T..T.T.........T.T...T..T..T..T................. 15
....T..T........T.........T......T...............T.....T....T...T..... 13
T..T........T.....T...T.......T.T..................T.T.....TT.T....TT. 14
........T........T..T...T.......T.....T....T........T.T..T........T... 13
.T.....T..T.....T....T.T.T.T........T.....T....T..TT.......T....T....T 13
...T.......T........T....T..T..T..TT.T.....TT.T.......T.......T....... 13
....T...T.........T...........T.T.......T..T.T................T....T.T 12
.T..T..T.....T.......T...T......T.T...T..T.......T...T...T.T..T..T.... 13
.....T....T..T..TT...TT.............T...........T.T....TTT.T.......... 12
....T..T.....T.............T......T..T.......T................T..T.T.. 13
.....T...........T......T.T..T.....T.........T...T.T.....T...T....T... 11
...........T..TT..T.T.....T...........T.TT....T..T....T.....T.....T..T 11
.....................T.......TT........T.....T....T..TT.T.....T.....T. 11
......T....T..........T..T............T.T...T........T.............T.. 12
.T............T..T.T.......T......T.......T.....T.........T....T...... 12
.....TT.............T.T.T..T.......T..T......T.....TT....T...T..T..... 9
.T.T.......T......TT.....T....T........T...T.....T......T...........T. 17
4 2 4 4 2 2 6 1 4 0 5 2 2 3 3 2 5 3 6 1 7 1 8 1 6 3 7 1 6 1 5 2 2 3 3 4 5 3 3 3 4 3 4 1 7 2 5 4 4 4 3 5 4 5 2 5 2 5 5 2 6 2 6 2 6 3 3 4 4 3 
