20 170
........T.T.T......T...T...........T.T.T..T..T.T.T...........T........T.....TT.....T......T.T.T....T.T....T.T..TT...T..........T....T..T..........T..T.T..............T.T. 33
T....T.T.....T..TT.........T....T.................T.....T.........T.T....T.............T...T.....T.....T.T....T.........T..TT.........T.................T......T.T........ 28
...................T.T.T.T.T........T...T....T..T.....................T.T.T....T..T.T.......T.....T..T..............T....T..T.T.T...T.........T..T..............T.....T... 29
T...T.....T....T......T.....T..T...T...T............T.......T..T.T..T.........T......T...............T.............T........T.....T........T......T..T.T.......T.......... 30
...T............T..........T..T..T..T.....T.....T.............T.........T...T.T..T..T..........T...........T...T.TT....T.TT......T.T....T.....T.T.T....................T.T 22
T....T....TT.......T.T.T...........TT.T..T................T..............T..............T.TT.T....T....TT............TT...TT...T.......................T.T......T.T......T 40
..T.T......T...T......TT........T.T.......T.T..TT.T.T.T.T.....T....T.T..........T...TT.........T...T....................T.........T......T..........T...T..T.T.....T.T...T 23
..T..........T........T...TTT.T...........T.........................T...T......T..T.T..........T.T.....T..T.T....T.........TT.......T..T..T.........T.....T.....T.T...T... 36
....T...T..T......T.................................T.T.T.........T........TT.....T..TT....TT........T...T.....TT......T.T....T.....T........TT..T.T...T.....T.......TT... 25
T.....T....T..T..T.TT..........TT....T....T........TT..........T......T.T....T.........T..T...T.T...T..T.T...T...............T..TT..T......T..........T......TT....T....T. 38
.T.T................T..T................T..............T..T......T....T................................T......T...T.......T..........T.T.T......T.................T.....T. 22
T....TT..T..........T....T.......T.T.T....T....T...T......T....T...T.T.....T...T......T.....T..T..T.......T...T..T...................................T...TT..T.....T...... 29
.......T...TT.T...T...T....T..................T...T..............TT..........TT...T.T....T.T.....T.T...T..............T.T......T..................T...T.T.............T... 25
T.................T..............T.....T....T.......T.TT...T...T..TT...........T...........T...T......T....T.T...........T.T..T.......TT.....TT....T.T..T........T......T. 30
........T......T....TT...T.....T.....T.....T..T..T.......T..........T............T.T....T.....T...T..TT.........T.....T.......T...T............T..T........TT.T...T.T.T... 33
....TT...................T.T....T.......T....T.....T...T...................T.T............T..T...T.........T.TT..........T....T..........TT..T....T.T....T...TT......T.... 29
.T.........T.....T....T...........T.........T.......T.T...T..T.T...T....T......T.................T.................T....T.T...........T.........T..T..............T.....T. 32
..T..T..T...TTTT.......T..T......T........T....T....T..T.......TT.T..T...TT.......T......T..T.....T....TT...T.T.T.......T....T...T.....................T......T...T.T..T.. 24
T.....T.T..........T..T........T....T....T.........T....T.....T..........T.T....T....T.T....T.......TT..T.T....T...T..........T.......T.T.........T...T....TT...T........T 34
....T......T....T.TT....T..T.T........T.T......T....T......TT......T...T......T.....TT........TT..T.................T.T.....T.T.T.T....T......T...T.T...T....T...T.....T.. 34
7 2 4 2 4 5 2 3 2 3 6 3 4 4 3 4 3 6 2 6 2 6 2 6 2 5 3 4 3 1 4 2 4 3 5 3 4 2 6 1 4 1 5 4 4 1 1 6 3 2 7 1 4 4 2 3 5 2 3 3 4 2 6 1 2 3 4 5 2 7 2 4 3 3 1 7 2 6 1 7 0 6 2 4 3 5 3 4 2 3 2 5 4 6 4 3 4 2 6 2 4 5 3 5 3 5 4 2 5 2 6 3 5 0 7 0 4 0 3 4 5 4 3 7 1 7 2 4 5 5 1 3 2 3 5 3 4 1 3 1 0 3 4 3 3 4 5 3 5 3 4 3 3 6 3 2 4 3 5 3 4 3 4 2 4 5 4 3 5 4 
