20 240
T...T.....T.....T.T...T.T...T..T..T......T....T....TT...T......T...T.T....T........T....T...T....TT.....TT.T.....T.T....T...T...T.........T....T..............T.....TT.T..T..T........T..TT...T....T.T.......TT.T...T....T.T...........T..T...T. 60
...T.......T........T.............T.....T..T..T...T...T...T....T..........T...T....TT.....TT...T......T.......T.....T.T....T....T......T...................T...TT.....T........T..T.....T.......T.T.T.......T.......T.T........T.T.T.T........TT 35
..T..........TT...T.......T....T.....TT...T........TT............................T.........T......T.............T..........T....T.....T........T.T....T......T............T....T..............T..........TT....T........T....T...T..T.....TT.... 46
.T.........T.....TT...T...T.....T......TT........T......T...TT....TTT......T..........T.......T..T.....T...T.T.....T.T.T......T.T..........T...T.............T..T...................T..T..T.TT.T..T..T.T......T..TTT..T.......T.TT.............. 35
....T.T.............TT.............T..........T..T.T........T..T....T.T........T..T......T.T....T.T.T..T..........T...T...T.......T..TTT..T...........T............T.T..T.................T.T...T..................T........T.T........T...TTT.. 37
.T.....T.....................T...........T...T.......T.T.T.....T.........T..T.T.....T...T....T...........TT.T...TT......T....T...T..T..T.....T.........T.......T..........T......T.................T..........T.................T....T........T. 48
......T..T......T.....T...T...T......T.....T.............T......T....T.....T.....T....T.......T.....T.....T.......T........T....T...............TT....T..........T.T.....T...T.........TT...T.T..................................T..T.......T... 32
........T.......T.......TT...T.........T.......TT...T....T.......T.TT.....T.T....T....T...T....T...T....T....T.T....TT..........T..T........T.....T...............T..T......T..T......T......T............T...T..TT..T.......T.....T.....T.T.... 41
T..TT....T......T....T.T.....T....T.......T...T......T.T....T.T..T........T............T....TT.............T..........TT....T..T........T....T...T.....................T................................T..........T......T.....T.T...T..T.T...T 36
T.T........T..T....T.......T........T..T.T.....T..............T.............T.....T...................T..........T.......T.......T...T.....T.....................T....T..........T.T.....TT..T...T.T............TT.....T....T....T.....T....T... 42
..T...................T...T.T.......T..T....TT...T....T..T...T..T........T.............T..........T......T..T...T..T.T.........T........T.T..T......................T.......T.T........T......T.....................TT...T........T.T...T...T.T. 35
...T...T...T......T.....T..T..T...............T..T..T....T..........T......................T.......T...T...T..T.......T..............T...T...T.....................T...T......T.......T...........T...T.T.T........T......T.T...T............... 39
.T.......T....TT......T..........T....T...T.................T......T........T..T.T..T.T....T.T.T.....T....T...T.T........T.T..T..T.TT..T...................T.............T..T..........T..T.T.TT....T..T.......T...T.T.T.T.......T.......TT....T 41
T.T...TT...T........T...T...T...T...TT.......T.TT...T.T.T.....T.T........T...T................T...........T.......TT........T.......T......T...T.T....T......T..T.T...T....T..T........T.T.......T..T.............T........T..T.....T.T......... 43
......................T..T...T..........T..T....T..T.T....T.T...T...........T...........T...T..........T...T.TT..T....TT.........T.T.......T..T......T............T..................T...T.......TT....T...T..T...................T.T.....T.T... 48
....TT...T....T.T.........T..T.T.TT....T....T..........T.......T...T...............T......T........TT..............T....TT...............T...T............TTT.T...........TT..............................T..T.....T.T.T..T...........T....T...T 32
..T........T.......T....T.........T.T..T.TT..TT...........TT.TT...........T.T.......T..T....T....T......T.T..................T.....T............T.TT....T.T.T.....T..T.T................T..T.T.........................T.....T.....T....T....... 46
......T.T.......TTT.....................T.......T.T.T............T..........T.T...TTT...T..T.T.T...T........T....TTT.......T.T.T........T......T...............T.......T..........T............TT...............T.............TT.T.............. 30
........T...T............TT..................TT.....T...T.T....T.......TT.T......T...T......T............T.......T....T..T......T........T.T..T.........T....T...T....T.....T.........T..T........T...............T..T.T................TT....T. 46
..T.T.T............T.T..T.T.....T...T.T.....T...T..........T...T.T.............T.........T.......T....T...T....T...T.T.T...............T....T......T........T.T.....T....T.T..T......T.......T..T....T..........T...T.T.T....T...T..TT...T..TT.. 45
3 7 1 5 2 4 4 4 3 4 1 7 0 3 1 2 5 4 3 4 4 5 2 5 3 5 5 2 5 2 3 2 5 1 2 6 3 5 2 5 4 4 4 5 1 6 3 6 2 7 1 7 2 7 0 6 2 6 3 4 4 5 4 4 5 4 3 5 2 2 2 0 0 5 2 7 1 5 2 4 2 3 2 4 5 1 6 2 4 4 2 7 2 4 4 2 4 2 6 3 4 2 2 6 1 3 4 5 3 4 5 2 5 4 4 4 6 4 4 4 4 3 3 5 3 4 2 6 3 3 3 2 4 3 3 3 4 4 4 3 5 1 3 6 2 3 2 0 3 0 2 3 1 2 2 3 1 5 2 3 2 5 2 5 4 4 4 3 3 3 0 9 0 5 1 3 3 0 1 1 1 2 6 3 4 4 4 5 2 6 2 5 4 3 5 1 6 0 5 0 2 2 3 2 3 0 1 6 2 6 4 6 2 6 2 5 2 3 4 0 7 2 4 4 4 5 2 6 2 5 4 3 4 5 4 3 6 2 7 3 
