20 60
.T.....T..T.TT........T.TT..TT.T.......T..T.......T.T.T....T 16
T.................TT................T....T..T..T............ 8
.....T.T.T....T......T..T.............T........T..T.T..T.... 11
T.....T......T.T..TTT...........T..T....T...T..............T 12
...........................T.T.T...T...T..T......T....T....T 8
..T....T.TT..T........T.T...T.....T........T.....T.......... 16
..T.T......TT.T......................T...T.....T...T....T... 8
T...T.T......T...T..TT.......T.T...............T.......T.... 10
..T......T......T...TT..T..T.TT...T..T.TT..T.......T.T....T. 14
..........T.T..T.T........T.....T.T...T...T...........T...T. 9
...T..........T......T.....T..................T.......T..... 13
..TT...T...T.....T.T....TT.....T...T.....T.T..T..T...T...T.. 9
.T.....T.............T........T....TT......T...T..T......... 13
......TT.T.T..T...T.T.......T.........TT.............T.....T 10
..........T..........T..........T.......................T... 6
...T.........TT.....T...TT..T...T..TT.T....T....T...T....T.. 12
.T.......T......T.................T.....T...T.T......T.T.... 11
T............T.........T.T....TT...........T....T....T....T. 12
......T.......TT.T.T.......TT......T...T.T...........T..T..T 8
T...T....TTT.T.........T..T......T..........T.T.T.TT........ 18
5 4 3 2 4 2 4 4 4 3 6 2 5 4 4 6 1 6 3 4 5 2 6 3 4 4 4 4 4 4 4 2 7 1 5 5 2 5 3 2 4 4 3 3 5 4 0 7 1 5 3 4 4 3 5 2 4 2 4 5 
