20 50
....T.T...T..T...........T.T.......T.T......TT..T. 13
.T.............T.T...TT...T.T.....T......T........ 7
..TT.T.T......T...............T....T.....TT...T... 10
..........T.T...T.....T........TT.....T..........T 8
T............T...T.T.T..T..T..........T.T.T....... 8
........T.T.......T...T........T..............T... 9
T.T...T...T......T.T....T.T.....T..T.........T...T 8
.......T..T..T.T..............T....TT......T.....T 10
.T.T....T..T......T..........T.T.................. 9
...............T......T.....T........T..T....T..T. 9
..T..............T.T.T.......T..T........T.T.....T 9
.T.T.T....T........T....T.....T....T...T....T.T... 11
.....T.......T.T.T....T...T.T........TT....T.T...T 10
......T.T.TT..T...T...T...T.....TT...T....T....T.. 10
..TT....T.......T..........T.....T..........T..... 7
...............T.....T.T.........TT.T.TT.........T 12
.....T....T.T......TT.........T.........TT........ 8
..T......T.T.........T.....T.T..T............T.T.. 11
...T...T......T...T.....................T...T..... 7
..T.TT.T.T..T....T....T..T...T.T.TT..T...T.....T.T 14
2 7 2 5 3 4 4 1 6 2 7 1 6 3 4 4 4 2 6 3 4 4 6 3 4 1 5 3 5 3 5 4 2 5 2 4 4 4 3 3 6 3 3 6 3 4 2 5 2 6 
