20 130
..T..T.T.T.T.T..T...T.T......T.T..T..............T...T........TT.......T.T....T......T.T........T..........T..T..T......T...T....T 31
.................T........TT...T.....T.......T.T..T.......T........T.....T.TT....T...........T...T..T......T....T..T.T.T.T..T.T... 23
T....T....T....T.................T.T...T.....T..T...T.T.....T....T.............TT...TT....TT.T....T....T.........T.T....T......... 22
.T....T.T.....T.T............T.......T..T......T...........TT......T....T.....T....T...T.......T......T.....T..................T.T 27
TT.....T......T....T......T..............T........T.T...T.......T...T.T........................T...T.T........T.T.T....TT........T 21
....T............T.T.T.....T.T..............T.......T.........T.T.T....T..T......T.T.TT...T.TT......T.T..T.T.T.T.T......T..TT.T... 27
.....T..T..T...T.......T........T...TT.T..T...T..T.......T.......T............T....................T.T...T..T......T.............T 23
......T.TT......T...T....T.....T....T...T........T.....T....TT.T........T....T...T.....T......TTT..T....T........T.T..TT...T...T.. 27
T..T.........T...T.........TT.T.....T............T...T....T.....T...T...TT....T......T....TT..........T.T.......T.........T....... 21
................T..T...TT..T......T....T.T.T..TT..T.T...T...T..........T..T...T...T.........T....T.........TT.......T..........T.. 30
T..TTTT.............T.....T.........T.........T......T......T...............T...T..TT..T....T.....T......T....T..T.....T..TT..TT.T 17
...............T.T.T.......T.T..T..T...T.T.T......T...T..........T.........T.T.T..T......T.....T...............T....T...T......... 31
T.T......T.T.........T.........T..T.............T......T....................T......T...T.T.T......T.T..TT....T.T..........T..T.... 18
......T......T.T..........T.T.......T......T...T...TT.................T..T............T....T..T.T..........T......T...T.....T..TT. 24
TT.T.............T.T...T.............T.T...T....TT.......T......................T...T...TT.............T...T..T..T...............T 22
.T.....T..TT.T.............T...T.T..........T.......T.........................T.......T.........TT..T.....T..T.............T..TT.. 21
...T.T...T..............T..........T...........T................T..........TT.T..........T.T.....T....T.....T.......T...T......... 21
......T................T....T...TT.......T..............T...............T....T.T....T.........T.T..TT........T..T.T......T..T...T. 15
.....T...T.................T..T.....TT.....T.TTT......T..................TT.........T....T....T...T..T.........T.....T........T... 25
T..T..T...T....T......T.........T............T...TT.T..T....T.T.T.............T.T..T.T....T.T...................T..T.T...TT....T.. 24
8 1 6 3 6 3 5 4 3 4 2 3 2 3 4 5 3 5 2 2 3 2 4 4 1 4 3 4 4 4 4 3 6 1 4 4 2 6 3 4 1 5 1 4 2 6 3 4 6 3 6 3 7 0 4 0 5 4 2 2 2 3 3 2 4 2 4 0 2 1 2 4 3 4 4 3 6 3 6 2 4 3 5 3 5 2 7 1 6 2 6 3 5 3 5 3 5 4 4 4 4 4 3 5 2 4 3 3 4 6 2 6 3 5 3 6 3 2 4 3 6 4 3 6 1 5 4 4 3 7 
