20 120
T...T.....T.T..........TT.T...T...T......TT...TT...........T..T.T.T..T...T...T..T............TT..T....T.T.T.T.T........T 29
..T..........................T....TTT...T.....T....T.......TT..........T.........T.......T......T...T....T.............. 18
.......TT.....T.T........T....T..............T...T..T..T....T...T.T.............T......T............T..T.....T...T..T... 21
T....T.....T.T.T.................T.....T..........................T..T......................TT....T...T.....T....T.....T 14
..........T...T........T.T............T..TT..T.T..T...T....T.T..T......T........T......T....T.T....T.....TT.......T..T.. 22
T.T....TT......T..........T.T...T.T..T..T......T..T...T..TT..T.....T.........T.................T......T.....TT..T....... 21
T........T.T..T..TT..T......T..T.............T.......T......T........T.T.T.........T.............T.T..................T. 23
...T........TT.....T.T...................T.T.......T...T......T....T..T....T.....T...........T...........T.T........T.TT 21
.....T.................T..T...............T....T..T.T......T.T..T.............T......TT.T.....T......T....T.....T....... 23
.T.T...T..T...T...T..........T.T..T..T..T..T..TT....................T....T.TTT.T..T..T............T...T............TT..T 19
.T...T................TT....TT........T...T..........T..TT...TT....T..............T.......T.T...T.TT...T..TT...TT....... 25
...T.....T...........T........T..T.T....T........T..T.T..T..T.T.T....T.....T......T.T..T......T.T.................T....T 19
.......T...T...T..........T......T...T.................................T......T............TT.......T..T......T.T.....T. 28
T..T..........T.T.TT..T..T.........T..TT....T................T..T......T....TT.TT.....TT.....T..........TT.........T.T.T 15
........T.T..........T......T...T..T.......T..T...TT..T..T...........TT..T..T............T..T....T.........T..T......... 28
....T..T..........T.T.........T..T..........T..............T...T...........T.....T........T......T.T..T.....T...T......T 17
.TTT..T..T.....T.......T.T.................T...T.....T.........T...T.....T.....T....T....T...T......T..T..T.......T..... 26
...................T..........T.......T.................T...T.......T...T.....T...T....T......T..........T.....T.T...T.. 16
..TT.......T...TT....T...T..T..T.T..T.......T...T.T.TT..TT.....T......T..T..T..T....TT...T.........T.T...T..T.......T... 24
T......TT...T..T.T..T..T....T...........T.T..T...T..........T......T............T.T.....T..T.T....T.........T.T........T 26
4 5 4 3 4 3 5 3 5 2 6 1 5 1 5 4 5 3 4 3 2 4 1 4 3 1 7 2 4 6 2 6 2 4 4 4 2 5 1 5 4 2 7 1 8 1 4 3 4 2 6 3 4 3 4 3 2 4 4 5 5 3 2 5 3 5 2 5 3 5 3 4 3 2 4 2 4 1 7 2 6 3 5 1 4 2 3 3 4 2 4 2 5 4 2 6 3 3 4 4 5 1 7 2 4 5 4 5 2 4 4 4 2 5 1 5 2 6 2 7 
