20 140
..T.T..TT.....T..T.T.......T...T..TT....T...T..T.T..T.T.....TT....T....T.......T..T......T..T...T...T........T............T..T.....T..T...T. 40
.....T.....T....T...T...T........T.......T...............TT...T.T..........T.T.....T.......T....T.......T.TT..T..T.....T...T....T..T...T...T 17
T...T........TT..T......T................T...TT.....T....T.....T.....T.T.....TT............T.......T....T...T......T...T.......T..........TT 28
........T.T.T....T...T..........T.T.....T............T...T........TT..T.T.....T..T.......T.T..T..T.T.....................TT......TT..T...... 24
......T..........T...T...................T....T.T..T.........TT...........TT.T........T.....T.......T........................TT....T........ 21
.....T....T.T......T..T....T.......T..........T...TT...T........T......T.T....T.........T.....T....T........TT..TT.......T......T.....T.T..T 23
T..T.....T...............TT..........T....TT....T......T.......T..T...T..........TT....T.T.T....T..................T.....................T.. 23
..T...........T.T..T....T...........T.T.....T..T.........T.T....T...T..T...T...T....TT........T...T.....T.T..............T.....T.......T.... 23
..T.......T....T.....T...TT..T...T.......T......T......TT..T.........T.............T....T..T.....................T.T.......T.T....T......... 27
....T.T......TTT...........T...........T.T....T.....T.........TT..................T......T..........T..T...T..T....T............T...T.....TT 24
..........T.......T..TT.........T.T...........T.............T.....T.T..T.......TT...T.T.........T...........T..........T...T..T.T.....T...T. 28
TTT.T......T..T.T...T......T...TT..T.T.....T...T.TT.T.....T.TT..T.......T....T...T..T.........T....T...T...T....T...T.......TT........T..... 22
..................T.....T....T.......T.......T......T..T......T..TT....................T..T...T.T.........T..T...........T.........T.......T 28
....T..T..T........TT....T....T.T........TT..T..TT...T.T.......T......T.....T....T...T.....T.....T..........T..............T.T...TT..T..TT.. 25
T.T........T.T...........T.........T.T.....................TT....T...T...T.......TT..........TT..........T...T..TT.T..T..T............T..... 26
.T......T...T...T.......TT..T.............T.T.......T................T.T...T.T.....T.....T......T.T...........T....T....T..T....TT..T....... 24
......T...........T..T......T..T.T....T.T..T.TT..T....T......TT.......T..T............T....................T.T........T.......T....T...TTT.. 25
...............T.......T.......TT....T.T........T.T..............T...T......T....TT.....T..T......................T........T.T...T.........T 24
.T..T...T........T.TT...........T...T.....T...T.......T.......TT...T.......T.T.T...T.T...TT..T..T.......T.TT......T...T..................... 21
T.............T...T...T.T...T...........T..T...T..........T.T.........T..T......T...T.T.T...T.T.........T.....T....T.....T.T........TT..T.T. 32
4 4 3 6 2 5 1 5 2 0 5 2 6 1 7 2 4 4 6 3 3 7 1 7 2 4 2 4 4 1 3 4 2 6 3 3 3 3 4 4 3 4 5 4 5 3 6 3 4 4 4 5 2 3 3 5 3 5 3 1 6 2 6 4 4 4 4 4 4 5 4 5 3 1 4 3 2 5 4 5 3 5 3 6 2 5 3 4 5 4 2 6 2 5 5 2 6 3 4 2 1 1 0 1 3 4 5 4 4 4 5 0 5 3 4 2 3 0 2 3 6 2 5 2 5 1 6 2 4 5 1 8 1 5 3 5 4 5 1 7 
