20 150
..T...T...T...T.T..T...T.....T...T..T.T.TT.T....................T.T.T...T.T..T.....T.T......T.T...T..............T.T..T....T.T..T.T.T.T...T..T.T.T.T.. 46
.......T.T..........T....TTTT.T................TTTT.T......T............T......TT...T.....T.T.....T.....T.TTT............T.....T............T......... 15
...TTT..T.T..T...T.............T...T....T...T.................T..T.....T..TT..........T.......T.......T..........TT..T.T.....T........T..TT.........T. 33
T.....T.....T.T.........T............TT..T........T..T..T..T.T....T...............T.......T.T...T........T.T...T.....T..T......T..T....T.....T.T...TT. 27
.........T.T..................T.T..........T.T.........T....T..T....TT.....T..T......T...T....T.T...........T............T.T...T.............T...T.... 28
.....T......T.......T.T..T.T..TT...T....T...T.T......T.....T..T...T......T....T.T..T...................T.T...T...T..........T....T...T................ 22
.......T..T..T..T........T.T......T............T.........T.....T......T.T..............T...TT..TT...............T....T.T..T....T..T.T.T..T..T.T.....T. 30
...........T..T............T.........T...T..T.....T..T.....T....T......T.T..T.....T.T....T.........................T...T.......T...T.................. 26
T.T......................T......T.T......T...T..TT..........T..T.T....T..............T.....T.....T..........T..T......TT...T.......................T.. 22
T.T...T...T...........TT......T..TT...T....T.T...T........................T...T..T.T.T....T.T...T......TT.T...T..T......T.......T.T..............T...T 27
........T...T.T.......T....T..T.....T.......T......T..T......T...T...TTT...T.........T.TT.....T.......T..T......T.....T........T...T.......T..T......T 21
..T....T........................T......T...TT.T...T.....T.T.T....TT..............T...........................T.T..T......TT..T.....T....T......T...... 26
....T.T..T...T...................T........T.........TT.........T..........T....T...T.....T..TT.T..........T...........TT....T.........T...T...T...T.T. 33
......T....T......T......T.....T..T...T.........T...T.T....T.......T..T............TT.....T...........T.......T..T..T..T....T....T.........T.T.......T 21
..........T...........TT...TT....T......T.T..T.TT..................TTT..T......T.T....T....T.T....T.........T..............T.T....T..T..T............. 33
.T.T.................TT......T......T........T.....T...T.....T...T.......T.T...T...T......T...T...T.....T.T...T.T.T..T...T.T.......T.....T......T..TT. 25
.T...T....TT...T...............T......T....T...........................T..............................TT...T............T.......T..T..T......T...T.... 29
TT....T...........T.....T.T.....T.T......T........T...T..TT...T..TT.......T..T....TT.T......T.T........T......................T................T...T.. 25
..T.....TT..TT.........T.....T.......TT..T..T....T.....TT..T.T.....TT.......T...T......TT............T.T...TT.T..T.TT.T..T..T.T....TT....T....T...TT.. 25
.....T.....T...T...T............T...T....T.......T.T.......T...T....T.T.T.T..........T..T....T......T.....T...T..T....T...........T.....T...TT...T..T. 38
4 4 3 4 2 5 4 5 1 8 1 5 5 2 7 1 3 1 1 2 1 4 3 3 4 3 5 3 4 2 5 4 4 5 4 5 2 5 3 4 3 3 7 3 5 4 3 4 4 4 5 3 5 2 4 2 5 1 5 1 6 2 6 2 6 2 7 3 4 5 4 3 4 5 3 6 2 4 4 2 6 2 3 6 2 4 4 5 2 7 0 8 1 7 2 5 1 4 3 1 0 2 5 2 6 3 5 3 4 5 2 3 5 4 3 5 3 6 1 8 1 6 3 3 6 2 5 4 2 7 2 4 3 5 2 4 3 4 2 4 3 3 5 3 3 2 4 5 4 6 
