20 170
.T.T.T...T.T...T...T....T..T..TT....T.T..T...T.T.....T.T....T...........T............TT....T.T..T.......TT..T..TT.........T.............T.T......T...T.T.T.......T......T. 38
T...............T...T...........................T...T.....T.T...T.TT.....T.........................T...............T..T...........TT.......................T..T.T....T.... 28
..T.T.........TT.T...T...........TT....TT......T.........T......T.......T.......T.....T...TT...T..T.T.T......T......T...T...T.........T....T.............TT..T.TT...T....T 23
T...T....................T.....T......TT......T......T...............T....T..............T........T..T....T.......T...T...T....T..T...........T..T..T.............T..T.... 32
..........T............T...T.T.............T.......TT.....T.T.....TT...T..........TT.T.T....T...T......T........T.T....T...T.T..T....T..T............T.................T.. 27
...T........T..T.T...........T..T.TTT....T..T....T..T....T.T......T..T...............T.......T...........T...T.....T...T........TT.T.........T.............T...T.......T.T 27
.......T...........T....T..T......T..T...........TT......T..T..TT...................T.T...T.TT....T..T.T......T.........T...T.....T..T...........T..T......T.T...T...T.... 31
T...T....................T....TT.....T.T...........................T.........T...T.T....T.T..T............TT....T..................T.T.T...T.T..........T.T.....T......TT. 25
T......TT...T...T.T..T..T..T......T.........T.....T.....T.T........................T................T....T....T...T...T.......T.......T.....................T............. 30
.T..........T............T...............TT...T......T...T......T.T...........TT.....T.T........T....T.T...TT....T..T.T..........T.....T......T.....T..TTT..........T..... 24
....T.....T........T.......TT...T..T.T...T....T.......T........T..................................T.............T........T...T...TT........................T....T.T....... 28
..T...T............T.T..........................T..........T.....TT.....T...T..T.........T.T.........T.T...T..T....T....T......T.....T......................T...T.T.T...TT 28
............T.T.T...........T....T.T.T......T..T.......T...TT...T....................T....T..........T....T...T..TT.T.T.....T.........TT...............T.......T......T.T. 27
.TT.....TT.....T..T.....TT..T...T....TTT..TT........TT............T............T.........T........T.........T......T..T...T.................T........T..TT...TT.....T..... 21
.....T.T...............T................T....T.......................................T.T..T..........T.T.T........T.............T..TT...................T..............TT. 33
TT...T...T....T...T.T.T..........T...T....T......T....T..T..T.TT.....T.T..T.......T.....T..T....T.T.T...T.......T..T................T.T...T.T..............T..T........... 28
............T........T....T..T...T...................T...........................T........T..........T....TT..T..........T........T.T....T.........T.T..T...T.T.T.....T... 21
..T..T.......T.....T..................T....T..T.........T..T.T......T.....T....T.............T...............T....T....TT.......T..........................T.T....T..T.T.T 34
............T....T...T..TTTTT......T..TT....T..T.T...T.T.......T.........T....TT........T...T......T.T...TT.....TT..T...........TT....T.......T.T...T.....T......T........ 23
T..T..........T.....T.......T..T.........T........T....TT....T.....T.T.......T.....T.T..T.T...TT...T.........T.T.T.......T...T.T....T....T.TT..T...T.....T.T....T...T...T. 46
4 5 4 3 7 1 3 1 4 0 2 3 5 3 5 2 4 2 5 2 6 0 6 1 3 6 3 5 3 5 3 5 1 6 1 5 4 2 8 0 8 1 4 3 5 3 5 2 5 1 1 4 2 6 3 5 1 6 3 5 2 4 2 3 6 3 5 4 3 1 1 2 1 2 4 1 1 1 3 1 5 1 2 4 3 5 1 7 2 7 3 5 4 2 2 2 4 1 5 3 4 5 3 4 4 4 4 4 5 4 6 0 7 1 8 2 7 1 2 5 1 8 1 2 4 1 3 4 2 5 4 4 3 6 3 5 3 1 3 1 6 1 2 1 1 1 2 1 6 2 4 2 6 1 5 5 4 5 1 6 4 3 4 3 4 4 4 4 1 8 
