20 90
.T..........TT...T...T..T......T.........T...T.......T..........T...T...T...T.......T..... 16
....................T....T........T.T..T..............T....T.T....T.T...TT......T..T.....T 14
............TT...TT........T....TT......................T.......T.............T..T.T...T.. 14
........T..........T...T.......T..T....T..TT..........T.............T......T........TT.... 15
.....T.......T........T..T.......T......T....TTT..T........T...T............T.T..T...T.... 10
.........T.T.........T.......TT......T.T...T................TT.T...TT..T.T................ 18
.T.............T..T.T..TT.T.......T.T.T...T..T.T.T.T..T...............T............T...... 15
T..........T...T.T.T...........T...T.T.T............T...T...............T.......TT....T.T. 19
T...T...TT.TT.......T...T.........................T...T...T.T.TT..T..T...............T.T.T 13
.................T.......T..T..T..T........T.T....T.......T.....T.......TT...T.T..T....... 20
T...T.........TT..T....T..T.T....T.........T.....T......T.........T.T.............T....... 16
......TT..........T............T...T..T......T........TT.....T.T...T...T.T.T....T......TT. 16
......T..................T.T......TT...TT.........T...............T.....T.T.........T...T. 17
..T..T...T..T..T.TT...T....T..............TT........T..T..T.........T..T....T....T.T....T. 16
T......T...T..T.....TT.......T.......................T....T.T.T.................T...T..... 10
..T.................T...............T.....T...T..................T.T....T......T.......T.. 17
.T...T.......T.T........T......T.T....TTT.T.........................T...T.TT......T...T... 10
..................T...T....T...T.TT.T.......T...........T.......T...........T..T....T..... 17
.T.............T..T...T.......................................T...T...T...T...T.T.T....... 12
.....TT....T..T.....T.....TT...T.T..T...TT.T........T.....TT..T....T...T..........T..T.... 21
2 6 2 0 4 2 3 3 1 3 1 6 2 4 4 5 3 3 6 1 8 0 8 1 4 4 3 2 5 2 4 6 2 6 2 5 4 4 2 8 2 3 6 1 6 2 3 2 1 3 2 0 3 5 2 3 2 4 2 4 3 3 4 3 6 1 5 3 5 3 5 3 3 4 6 3 2 3 4 2 6 3 4 4 3 5 4 4 0 5 
