20 30
T......T....T..T.............T 5
...TT....T...T......T......... 8
...T.......T.T.T..T....T..T... 3
..T..........T.....T.......T.. 6
....T....TT......T.......TT.T. 6
.T..........TT...T....T....... 5
TT.......T...T.T.T....T.T..... 6
.....T...T..T..............TT. 6
......T.....................T. 3
.T................T.........T. 4
..........TT..T........T...... 3
....T.T........TT.T...T....T.. 9
..TT..T....T.....T.T......T..T 4
T...T......T...T......TT..T... 9
..T...TT......T............... 4
T..T........T.T...T..T...T..T. 5
...........T...T........T..... 5
T..T.......................T.. 5
.....T..T.T...T...T........... 5
.T.T.T...T....T....T..T......T 7
7 2 6 1 5 3 4 2 5 2 6 3 4 5 2 6 3 3 5 3 2 4 2 3 3 0 6 2 5 4 
