20 240
.....T....T......T....T.T.....T........T..T.....T..T...T...T....T...T..........T....T..T..T.T..........T.....T..TT......T.T.........TT.T.T......TT.............T.T...T..T.......T...T..TT.......T.T...T.........T......TT........T........T..TT. 52
T.T.............T.....T.T..T....T........TT...T..T.....T....T.T.T..T.T....TT....TT............T....T.........T....TT.....T.T..TT....................T....TT..............T..T..............T.........TT..T...................................... 33
..T.........T.T.........T.........T..........T.........T.....T.T......TT..T...T......T..T..T........T.......T.T........T..T............................................T..T...T.T...T.....T..T.....T......T.........T................T.......... 32
.........T.....T............T.T.....T.T.T.T...T..T.T.....T....T....................T..T...................................T..T........T.T...T.....TT.......T...............T......T....T.T..T.T..T.............T....T..........T......T..T...... 35
..........T.T.....T......TT...T.........T.T..T.T.....T.........T.............T.......T...T.......T.......T....T.TT..T............T.......T.........T..................T..T....T....T.T.......T.T......T..T.....................................T 38
.T...TT....T..T......TT......T.....T.T.T.............T..T...T.......T.TTT.TT.....T......T.............T.........T.....T.............T..TT....T.....T...............T.....T..T..........T.T...........T.............T.T.......................... 36
..T..................T.................T......T...........T..T..T.........T...T....T.......T.TT....T..T......T.......T....................T.....T.....T......T......T..........T.T......T..T...T........T.T............T............T........... 41
T.......TT.......T......T..T..T.T.T...T..........T....T.T............T........T......TT...........TT..TTT...T.....T..............T....T.....TT...T..................TT..T.T.T...........T.....T...T..T.....TT..T...............................T 32
T............T....T....T...T....T......T..T...T.T..T.....T..T..T........T.T....TTT......T.....................T.T........................T...T.T.T.T....T.TT..T...........T...T.....T......TT..T..T..T..............TT....T..........T.......... 41
............T.............T..........T......T.....T.T.......................T........T..T.T..T......T.....T....T..............T........T..............T..T.........T..T..T.......T........T......TT.T....TT......................T....T......... 38
.T.......T.....T.T.....T...T..T....T...T...T.......T.........T........TT......T..TT........T........T..T........T..T..........TT.TT...T........T........T...................T..................T.....T..T.................TT.T.............T.T.. 28
........T.....T..T............T.T.................T..........T..........T....TT.......T............T.........T...TT..T.T..T..........................T....T..........T....T.............T...........T.......................T......T.......T.... 38
....T....T......T.....T..TT....T.........T.....T............T.............T.........T.T..T...........T..T....T..T....T...........T.................T.T...............T..T......T.............T...T...T................T...T...........T........T 26
T.....T......................T.T.............T........T........T....T.T..T....T...........T...T...T...T................T..T.....T.T.................T....T.............T..T.T.TT...T...T..T.T.T........T...T.........T......T.T.....T..T.T.T.... 40
....T...T...........T..TT...T....T.....TT.T.T.T....T...T..T........T..........T....T.T.T........T....T...............T..T..T.....T..T...T.T.............T...T...........T.T.....................T...T..................T.......T.....T.....T.... 42
........T.......T.T.T.......T.................................T..............T...T.....T...T...T.......T..T...T...T...T.......................T.......T...T.TT.....T..................T.T.T....T.......................................T.T..T..T 31
.T..T....T......T.......T.T...T........T.T..TTT..T.......T..T...T....T...T....T.......T.T.TT...T...T......T....T..T...T......T.T...................T...............T.T..T.......T...T...T...T......T....T...........................T........TT. 47
...T..T...T...T.......T..T..T.TTT..T............T................T..T..T...T........T..........T.T.....T.......T........T...T.T.....T.....T.....T.T...T...T.............T...T...T.T...T.........T....T...T..............T.................T..... 32
..........T...T...T..............T..........T...........T..TTT...........T..T...T...............T.T......T..T.......T................T.....TTTT......TT..T.......................TT...T...TT....T.............TTT..T..T...................T..... 27
.T.......T.T...T..........T.T.......T.T...T..T...T...T..........T.TT.....T.............T.T.TT..T...T.....T....TT.......T........T...TT....T.....T................T....T....TT...T....T.......TT..T.T.T...T.T.T............T...........T.....T.T. 60
3 6 2 3 2 2 1 2 4 2 7 0 5 0 4 4 4 5 2 2 3 2 4 5 2 7 1 8 2 6 4 4 3 4 2 4 2 3 1 8 2 3 4 5 2 6 3 6 1 4 4 3 4 2 3 4 2 2 5 1 7 3 4 5 2 3 0 2 5 4 3 4 3 5 4 3 3 5 4 5 3 4 3 3 5 0 9 1 7 1 5 4 4 2 3 2 4 1 3 4 5 3 2 6 2 2 2 3 3 5 3 6 3 3 4 5 3 4 3 3 3 2 3 2 3 2 4 2 4 4 0 4 0 6 3 3 2 4 2 3 2 4 2 3 3 1 5 0 8 1 4 3 2 5 2 4 1 4 0 1 1 0 3 2 3 5 3 3 5 3 4 4 4 4 2 6 4 3 1 2 2 5 2 5 3 6 3 5 4 5 1 7 2 4 4 4 4 5 4 4 4 4 4 1 2 0 1 3 1 1 0 2 2 1 6 1 3 4 0 3 0 2 0 1 1 0 3 1 2 2 3 3 1 2 3 3 3 4 0 7 
