20 220
T..T.T..T..T.....T.......T..T...T......T.T...T..........T.T....T..T..T.T..T.T............................TT.....T..T.T..T..T...T..T.T.....T...T.......T..T.......T.....T.....T.T..T.......T..T.T......T..................... 48
..TT.......T...T..T............T....T................T...T....T.....T.......T.......T...T.T........................................T..TT....T..T.T......T..........T....T.....T......T.TT...........T..T.................... 30
...........T.....T....T.TT........T................T.T.......T............T....T.......T.T...T..T............T........T......T.......T.......T...T.........T..T..........TT..T.TT..........T....T...............T......T..T. 34
..T...T....T.....T.T..T..T..T..T.....T.................T.T.......T..........TT..T.....T....T.T..........T..TT.TT..T........T.....T......T......T...TTT..................T..T......T..T.............T.T......T.........T..... 28
.......T.......T................T..TT......T...............T...T.............T........T.T....T..T........T..................T....T....T.T.T....T.......T...T...T.....T.....T...T...............T...T...................TT..T 27
T....T...T......T.....T....T...............T.................T...T........T.......T......TT....T.............................................T.........T.T..T..........T....T......................T...T.............T..T... 34
T.............T....TT....T...T.T...T....T......T....TT..........TT..........T.T....................T...T........T..T....................T..........T.......T............T........TT..T...............T...........T..T....T.. 29
..T......TT.....................T.T...T.......T................T............TTT.............T...T.....T...T...T..T.............TT....T......T......TTT..T....T.T.........T...T.......T....T..T..T..T..T....T.....T..TT...... 39
T....T..T...T.T.T...T.........T.T.....................T.....TT..........T........T..TT.T..T....T.........T......T......T.....................T..T..........T.......T...T....T................T..........................T.T. 33
...T...T..T..........T.....T............T.T.TT...........T....T...TTT..T..........................T..........TT..TT.........T.T.............T..........................T...........TT........TT.....TT.........T.T.....T.... 38
T....T....T.......T.T..........T.........T........T..T.....TT.........T......T.T.T....T....T....T.......T..T........T.............T...TT......T...T..T........T..........T...T.T......T...T........T....T.....T............. 33
..T....T.......T..T.............................T.....T...T....T...................T.T...TT...T......TT..............T............T...T....T.....T.T............T......T.........T.T..T....T..........T....T........T...T... 34
........T...T..T..............T......T....T.T........T....T..T..T.....T.....................TT...................T..T.....T.....T....T........T........TT..TT...........T...T..T...T......T....T......T...T..T....T.......T. 31
.TT......T...T....T............T...T....T..T...T.T......T..................T......TT.T............TTTTTT..T.............T..T........T...T.T.........T.................TT...T...T........T.........T...T....T........T.T..... 40
.T.T...T.....T...T................T..T..T...T.....T.T.....TT.......T....T...........T..T..T.T................TT.....T....T............T........TT.T.T...T..T.T..........T.T.T.........TT...T............T...............T... 36
T.T..T........TT..............T....T....T...T.T........T.......T..............................T....................T......T....T.T.......T....T.........T............T.......TTTT...T.........T.....T....T.T............T..T 33
........T...T.......T.....T...T..................T............T.......TT..T.......T....T..T.T...T.TT..T..T.T.T...T.....T..T...T...T...T.....T...TT...T.........T.TT.......T...............T.........T....................T.. 39
.......T..........T............T..T.......T.........TT.T...TT......T.....T...........T.......TT.......T.......T...T......TT.....T..TT...T....TT..........T...........TT.......T.....TT...........TT....T...............T.T.. 36
....T....TT.T.......T....T...T.........TTT....T..T..T....T....T...T...T..........TT..T....T......T.............T.......T....T..T.....TT...T........T....TT....................T..T...........TTT........T.T................. 34
T.T....T.....T.T...T...T..T...T....T.T.....T..T.T.......T.............T..TT...T.T.T.....TT.....TT...T.....TT...TT...........T......T......T.T..T...T................T....T.TT...T..T.....T.....T...T....T.....TT........T.T. 55
7 1 8 1 5 3 6 1 6 2 7 1 6 2 5 3 4 5 2 4 5 0 4 1 3 2 3 2 2 2 4 4 5 2 3 5 3 4 3 1 4 2 4 5 3 4 2 4 1 2 4 1 5 2 4 4 2 5 3 3 5 1 8 1 6 2 2 3 3 2 3 4 0 6 0 6 2 4 3 3 3 2 2 2 5 4 4 4 3 6 3 5 3 3 6 2 5 3 1 5 1 3 3 3 2 3 3 5 3 5 3 2 6 3 4 4 0 2 1 4 2 3 2 3 4 3 2 4 1 6 3 2 3 5 4 4 3 3 4 4 6 1 7 1 4 4 4 4 4 5 1 6 2 4 4 2 1 2 5 2 2 0 3 2 1 2 5 1 9 0 8 1 6 4 5 4 2 6 2 6 2 6 1 2 3 1 4 3 4 1 7 2 1 2 4 4 4 4 4 5 1 3 1 2 2 2 2 0 4 2 1 1 1 4 2 6 3 3 5 3 
