20 100
..T..T..T....T.T.TT..TT.T.........T.....T..T.........T....T....T...T.T.........T..T.....T.TT....TT.. 26
T..T...T..T.T.......T......TT..T...T..T..T...T....T.T...T.T.....T..T.....T....T...T..T...T..T......T 18
.T..............T.......T.......T...TT.....T......T.......T..T.............TTT.T.....T............T. 23
..T...T............T..T..........T.........T.....T.......T.....T.......TT..T........TT..T.T.T..TT... 18
T.........T....T........T....T.T....T...T...T......T.T.....T.T...T...T........T...TT..............T. 20
....T....T..........T.....T.T...T...........................T.........T...T..............T..T....... 17
...T...T...T..TT..T...T.....T.T.T.........TT...T....T...TT......T........T..T.....T....T.....T..T... 20
T.........T..........T..TT........T...T...T..T..T..T.T.T..........T.....T....T...................TT. 19
.T.T.T.TT.T............T..T..........T......T..T.........T.......T..T.......T.TT.T..T..T...T.T...... 18
T....T..T....T...............T..TTT....T...T....TT.........T.....TT..T..T............T...TT...T...T. 19
................T...T..T........T............T......TT.T......T.........T.......T..............TT.T. 19
..TTT...T...T......T.....T.........T...TT...T..T..........T..T..T...T.T.........T.TT....TT..T.T....T 18
.......TT.......T.................T.....T...............T...T.T.............T........T........T..... 18
T........T..T..............T..T.......T......T....T...T..T..........TT..T.........T....T.T.T......T. 12
......T.........TT.....T..T....TT....T...........T.T..........T...T....T...T..T...................T. 21
.T........T....T.T.T....T......T...T.....T.T............TT..T.............T..........TT.T....T.T.T.. 18
......T.T....................T......T........T..T...T...T..T......T....TT.T...T...T...T......T...... 15
.T........T..T........T...T........T.TT...T..T....TT..T........T...T..T.......TTT................... 22
....TT.T.....T...T....T...T......T........T.....T..T.....T......T.................T..T...T.TT..TT.T. 21
.T......T...T.........T...T..T..T.T.....T....T.T.T........T......T..T.....T............TT.....T..... 19
9 1 4 2 3 6 3 5 2 6 3 3 5 3 3 6 3 2 4 1 4 3 3 5 3 4 2 6 1 6 2 6 1 8 1 6 3 5 2 5 3 3 4 4 5 4 4 1 7 1 5 2 6 3 4 4 5 2 6 2 5 1 6 2 5 3 4 3 6 1 6 2 3 7 2 3 3 2 4 5 4 2 6 3 5 3 2 6 2 8 1 7 3 7 1 6 3 5 3 6 
