20 240
.........TT.T........T....T.......T.T..T..TT...T.TT....T.T.........T.TT..TT........T.T........T.............T...T............T......T..........T....T...T.........T.......T..T.............T.........T........T.T..T...T..T.T..T...T..T.....T..T 48
T....T...............TT.........T.......T...T........T........T...............T.....T.T.T..T......T.............................TT.....T..............T..T.....T...............T.T...T....T.....T...T..T...........T......T..T....T.......T...T. 37
.......T..........T....T......T....T.TT......T....T.....T.......T.T.....................T..T.TT......T.................T..T.............T..................T..T.....T................T.T.T....TT..............T.T......T.......T...T.T....T..... 30
.TT..T.....T..T..T............T..................T.....T..........T.....T...........T..........................T......T..T.T......T.........T.......T......T....T...T.....T...T....TT..T.....T..TT...T.......................T.T......T......... 39
........T...........T.............T........T..T...T..TT..T...T...T..TT.T.......T.T.T.T......T.....................T................T............T....T....T......................T.............T..........T.....T.........T........T..T.T....... 31
.T.T.T......T.......T.....T.T...T....T.T.T..............T......T.....T.........TT......T.................T............T...T....T.........T..............T......................TT...T...T....T......T......T.T..T......TT.....T................. 33
....TT.....T...................................T.....T...........T.T......T..................T......T.....T......T...T.T...TT.......T.TT................T.T...................T..T.........T..T.T..TT..T.T...T...............T.T.T...T......T... 41
........T........T.............T....T..T...T..T....................T..........T.T...........T....T.................T.....T....................T..T..T..T.................T...........T...............T.T...T...T..TT........T...........T...T... 25
...........T...................T.T......TT.T.T...T.....T.T....T.T.....T..........T...................TT..........T..T..T......T...T...........T...........................T....T..........T.......T.....T.........T.T...TT...T...TT...T..T...... 28
........T........................T...T...T....T..................................T.................T..................T...T.T................................T......................T.T............................T.....T.T....T............T.. 28
T..T...T..T.......TT...................T...T..........T......T......T.T......T.....T............T....T..........T..................T...T..T....T....T.T..............T...........T..T..........T...T.........TTT....T........TT.....T..TTTT..... 30
T......T........T......T.....T..T.......T..T....T..T.T.T........T...T................T.........T....................TT.T.....T.....T..T......T.........T.....T....T....................T..T...........T...T....T.........T.............T....T... 41
......T...............T.....................T....T........T.......TTT............T..............................T............T.....T...T..T.....................T...T.........................T.T.T...T.T.....T...T.T......T..T..T.............T 30
..T......T....T...T...T.T.....TT.....T.............T...T.......T........T...T..T...........T.T...................T.......T..T..T.T....T......T..T.......T...TT......................T.........T.T..T..T..TT..........T.....T....T............... 36
....TT...TT........T......T......T.........T.T.T.....T...T...T..TT......T..............T....T...T............T....T..T...T...T....T...T.T.........T....T...T...TTT..........T.......T....T.T................T...T..T......T....T...T..T.T...T.T. 36
............T......TT.T...........T..TT...T......T.T.........T......TT.........T......T.T.TTT.T..........................T..T.T.........TT.......T...T.............T........T.........T......TT.....T...................T.T...TT.........T...... 40
.....TT..........T...........T..T.T..............T.T............T.T.............T..T....T.............T.T.......T......T..........TT........T...T...............T...T........T..........T...........T..T.....T..T..T.........T...T...........T.. 36
T...T................T........T......T......T..T...............T.....T...T....T...............T..................T...TT..............T......T.TT...........T.T....T......................T............T..T...T....T......T.T............T....... 34
...TT............T...T............T....T.T.......T.T.T..T..........T...T....T..........T.........................T.........T..T.TT..T.T...............T..T..T.........T...T.......T.........TT.T.T.....T...............T.....T..T...T...T....... 35
...T...T.T..................T..T....TT......T........T.T........T...T...T.......T....T..T..T.....T.............T.....T..T..............T.T...TT..TT.T..T......TT.....T.T......T.....T...TT...T.T....T...T.T.T.T.....T.T..T........T..T.......... 51
4 2 3 3 4 4 4 3 4 4 3 5 0 2 1 0 0 4 4 4 2 3 4 2 2 2 1 0 0 6 3 4 4 3 3 3 3 4 4 3 5 2 6 1 5 4 5 2 7 3 3 4 4 3 3 4 6 1 2 1 2 2 3 3 4 4 5 4 6 3 5 4 2 2 1 1 2 3 2 3 3 5 1 3 2 4 2 3 4 2 1 5 3 2 5 1 4 0 0 3 1 2 0 2 0 3 0 1 0 1 0 1 2 7 2 4 2 3 4 5 2 4 4 4 4 3 1 5 0 3 3 4 5 1 5 3 5 1 3 2 3 4 1 6 0 4 0 4 1 5 4 4 1 4 0 5 3 2 2 4 3 2 2 1 4 2 3 0 0 1 1 4 1 1 5 0 5 1 3 0 7 2 4 4 2 4 4 0 4 3 4 5 5 1 5 2 3 5 3 5 4 4 1 5 3 2 6 3 3 5 3 4 2 5 1 3 5 4 4 4 4 6 3 4 5 4 4 4 3 2 5 3 3 5 1 5 3 2 1 2 
