20 40
..TT...T............T...T...T........T.. 8
T..........T..T.T.T....T....T..T....T... 7
.T.T.......T...T..T...................T. 6
......T.T....T.............T..........T. 6
T...........T......T.T..T..T.T.T..T.T... 11
T.......T....T....T......T.........T.T.. 5
...TTT....T........T.T.................T 11
.....T......T....T.........T.T.....T.T.T 4
..T..........T...........T...T.TT....... 5
.T....T....T......T.T.T.....T..........T 9
.....T.T....T.......TT..T....T.....T..T. 7
.T............T.......T....T........T... 6
...T.T...T..........T.............T...T. 6
.T..T..T...T...T.T............T......... 8
...T...............T.....T..TT.........T 7
.T........T.....T.....TT.T.....T.T.TT... 9
...............TT...T....T.T...T...T.... 5
..T........TT...............T..........T 9
T....T...............T...T.......TT....T 5
.T.....TT.T..T.T...T..T......T..T.T.T... 13
9 1 4 3 4 4 3 3 2 3 3 4 5 2 5 3 1 5 4 1 6 2 6 2 3 5 2 5 5 4 3 5 2 4 3 2 5 5 3 6 
