20 60
T.......T......T......T.TT...TT..T.......T...T.T.....T...... 11
.....T..T.TT......T.T.......T.......TT..T..........T.T..T... 14
T..T.T.....T.........T..T......T...........T.....T...T.....T 10
.......T.T...T.T..T........T.....T.....TT.......T......T...T 15
................TT.....T...................T.T.....T........ 7
..TT..TT....T.T...............T.......T......T..T.....T..... 12
........T....T..T..TT.T.....T..TT..T...T......T.....T...T... 15
.T.T.......T.............T....T.....TT...T.....TT....TT....T 8
.T..TT...T...TT..........T..T..............T.....T..T..T...T 12
T................T............TT...T....T..T................ 10
.......T...T...T.....T.....T..T.........T..T..T............. 13
..T.....T................T.T............T...T....T..T..T.T.. 8
.T..T..T....T..........T.....T....T.T.........TT.....T...... 16
T..T....T.T...TT.T.T.TT.........T.....TT...T...T..T...T...T. 9
....T......T....T............T....T..........T......T.....T. 8
.T.....T....T....T..T..T..T..T...T....T...T........T.T...... 16
...T....T.....T.........T.....................T..T..T.T..T.. 5
....T...T..T...T...TT......T...T....T......T...............T 15
.T..T........T..........T...T...T........T....TT...T.T...T.. 8
T....T...T.......TT....T.T..T..T..T....T..T...T..T......T... 17
5 4 4 3 6 3 5 3 6 2 7 2 4 4 3 5 4 3 4 4 1 6 2 5 5 3 4 4 4 4 3 5 2 3 4 4 2 3 3 4 3 5 3 4 4 4 4 5 3 3 4 3 7 3 5 3 3 5 2 4 
