20 240
T.......T.........T...T..........T.TT......T......T..T...............TT.....T...T...T............T.T....T...T..T..........T.T.........T..T........T.....T..T.T.T............T.T....T....T..T.T.....T.T..T......T..T...T..T.T.T.T..T........TT..T 50
.....T..TT...........T..................T..................T............TT..............T.....T.T........T..T........T........TT.T............T.....T...T......T................TT..T.....T.....T..........T...........T............T..T..T..... 28
.......T.............TT..........................T....T....T..........T.................T..........................T.....T...........T..............T......T...T............T.TT...........TT.....T.........T...T..T.T...T.T......T.....T.....T. 31
T.......................T........T.T.....T...T..T.....TT.................TT.....T..T.....................T.T.T......T....T.T..T.....T.....T..........T...TT......................T.T...TT......T.TT.T...T...T.T.....................T........... 33
T.....T........T......TT...............T.................T..........T.......T.................T.............................T.T.TT.T.T......T.....TT.........T....................T.T....................T.T..T.....T..T...............T..TT..T. 31
.................T..T...T.............................T...T..........T.........T....T..T...T.........T....T...............T.......T..........T.T.T......T...T.T...........................T...TT.....T...T.....TT........T..........TT.......... 35
T.T.........T.................................T...T................T...T............T..T..T..T....................TT.........T....T......T................T..................T...T.....T..TT..........T.....T.............T.T.....T.....T.T..T.. 32
............T.............................T.............T.T..........T....TT...........T.............T..T..T................T........TT...T.TT..T.T.....T..............T....T.....T..TT...........T...........T...T...T.....T..T.....T.......... 35
........T...........T.TT.....T........T.................T.....T..........T........T..................T...T........TT....T...................T.............T.T............T.T..T....TT.......TTT....T..........T.......T..T.T.....T.........TT... 31
...........TT.......T..T....T.............T.........T.......TT.......T......T.......T.........T...T...T.......T......T..T..TT..T..T.........................T.........................T.T..T.....T...T.....T.T....T..T...T.......T.T...........T 26
..T.....................T.T...T.........................T..................T.T..............................TT....T.........T...T..T.T...........TTT............................TT............T......T.....T.........T.....TT..T.....T.T....T..T 39
...............T........................TT.......................................T...T...T....T.........T..T.....T..........T..............T.T.T.......T...TT................T...........T..T.......TT..TT...TT.TT...TT.TT.......T....T..T...... 26
..T.....T............T...............T...T.T............T......T....T...TT..............T.T...........T........T..T.T...........T.........T.........TT......................T.....................................T...............T.T..T........ 30
.............T.........T........T......T...................................TTT..........T...T...T.........T.................T.................T......................T............TT.......T..T..TT......T..T..........T......T.....T...T..T.T.T 30
T..T.....T...............T...T......T..............T...................T..........T..T................TT.....T...............T........TT....T..T........T..T................T....T.......TT..T....T...TT.......T.....T................T........T 32
..............T........T..T.....................T..T.....T.............T.T.T..........T.........TT...........T...T.T...................T..........T....T....T.T....................T.T..T..T..TT.......T.....TT.T.......T.T........T......T..... 34
....T..T.............T.....T.........TT.........T....TT...............T.T...T......T....TT.....T....T..T.T.....T..T..T.....T..TT.TT....T.....T......TT............................T..T..T.......T.T......................T.T..........T......... 35
..T...T....T.......T....T....T............T.......T.....T..T.....................T.......T..T..T...T......T..............T........T.......T..TT...T.....T..T..T....T.........T.....T........T........................T....T..T.......T..T...T... 42
T.T.........T..................................................T.......T......T.....T.T...T...T...T.T.T..T...T.T.....T.T..T......T...T..T....T..................T............T................T......T..TT..........T.......T........T.T..T...TT 35
.....T.............T.TT...T.T...........T.T.......T..T..T..T....TT.......T...T.T...T.T.............T.T.......T...TT..........T..T.....TT...T...T..T..T.T..TT......T.......T..T...T..T..T..T.T....T..T.T..T..T.....................T........T..T. 51
5 4 2 2 0 2 2 3 1 4 1 2 2 1 2 2 0 0 3 0 6 2 5 4 5 3 1 2 2 2 2 1 1 0 2 0 1 5 1 4 3 2 3 0 2 0 2 0 2 3 0 5 2 4 1 4 3 3 2 5 0 2 0 3 0 1 0 0 2 2 6 3 4 4 5 5 4 2 1 0 3 2 5 4 4 1 4 2 3 3 4 1 3 2 1 5 2 1 3 1 6 1 3 3 3 4 5 4 3 5 2 3 2 0 6 2 6 3 0 1 3 4 1 6 2 6 2 7 1 5 2 4 1 6 2 3 3 0 8 1 5 4 1 5 2 3 5 3 4 3 4 1 5 1 7 1 8 2 3 0 3 0 1 0 1 0 1 1 0 1 1 3 4 5 1 2 3 5 4 4 2 6 2 4 3 6 1 8 1 7 3 5 2 5 4 5 2 5 4 4 3 4 3 4 5 2 5 3 3 2 1 3 5 4 4 3 4 3 6 2 5 2 1 3 2 3 3 4 3 6 2 7 2 5 3 3 4 4 4 5 
