20 160
...T..T..TTT.........T......T..T............T......TT...T.T.T......T..T.T.T...............T..........T......T.T.......T.T...T...T.T.T..T.TT.....T..T..TT.T...T.. 42
T...T.......T.........T..T..T........T..T..T.T.............T....T.......T.....T.........T...T.T.T...T.T............T....T....T...............T..T........T....T. 19
.T......T.......T........TT...........T..............T..T...T....T........TT........TTT..T..T...............T.T.....T....T........T..TT...T.......TT..........T. 31
T....T....T.........T......T.....................T...........T.....T..T......T..T..T....T......T...TT.........T......T.....T.T..T.........T...T..T..T.......T... 28
T..T.........T................TT....T..T..TT...T.......T..T.....T.....T..T.T.............T......T.....T.T.........T.............T..TT....T..TT....T...T........T 25
T.....T............T..TT.........T......T.......TT......T...TT.T.T...T.........T.......T..T.T....T..T.T.....T..........T......T.......T....T.T.......T...T.....T 36
...T............T...TT......T.T............T...T.T.TT........................T.....T...........T.......T.T......T..T.T....T.............T......TT......T..TT.... 26
...........T....T..........T........T..T.....T........T................TT....T..T.T.T..T...T.T..........T........T..T....T........................T.T......T.... 26
T...TT.......T.....T.T....T..........T..TT................T.....T....T..T..T....T..T....TT.....TT..TT.................T........T.......T..T.........T........... 26
.T....T...T.T.T....T........TT...T...T.........T...T....T..T.....T.T.T.........T......T.....T.................T....T..T.........T...T....T...T.....T.T.......T.T 25
...T............T..........................T.T...............TT.........TT.T...T....T.T..T.....TT..T.T.......T..T........T....TT....T......T.....T......T.TT.... 30
.T.T......T.T....T..T....T....T....T.T..........T...T...T..T........T...............T...T....T...........T....T..TT....T........T.TTT..........TT..T............ 28
......T..T..T.T......T..TT.........T.T..TT.T..................TT..............T..........TT.....T.T.................T.T...........T..T.......T.....TT........... 29
.....T.....................T...............T...T..T...T.........TT.......T.TT....T....T.........T...T.T....T....T.....T.T...T....T.....T.T.T...T.......T........ 24
T...T.T.T..T.....T......T.......T.T...T.......T.T.......T....T.......TT..T..........T.....T.............T..........T..........T...........T..T...T....T......... 32
........T.....T.....T.T................T.............T......T....T..T.........TT.........T.T.......T.T...........T.T........TT..T...T.....T........T.........T.. 26
T.......T..T...TT...T.........T...T..T.TT....T...........T.....T.T....T.....TT.......T...............TT......T..T......T...T..............T.T...T..T...T.....T.T 29
......T............T..T...TT...T........T......T.T..T......TT............T..........T..T..........T.....................T....T..T.....T..T........T.......T..... 21
.........T.T..T...T.........T.T.......T...TT.....T....TT..TT..T...T..T..........T...T.T..TT......T............T.T..T...........T..TT..T.......T.T....T..TT...... 30
T...T.T.T.......T.....T....T......T..T.T....T.....T..T.......................TT.........T.....T....T.T...T.T....T....TT..TT..................T..........T....T.. 34
8 1 5 1 4 5 3 5 2 4 2 6 3 5 2 3 3 3 5 1 5 3 4 2 3 4 3 6 2 5 1 5 0 4 2 2 4 4 6 4 4 4 3 4 3 5 3 3 3 2 6 2 4 2 2 4 4 4 3 4 5 4 4 4 2 6 2 1 6 2 4 3 3 6 2 2 7 1 8 1 4 2 2 3 5 4 4 5 2 8 2 5 3 3 4 2 4 2 6 1 8 2 5 4 1 4 0 3 2 4 4 1 6 1 6 2 4 2 5 3 5 3 4 4 1 5 2 7 2 6 2 3 5 1 4 5 0 9 0 7 2 5 4 4 5 1 7 2 7 2 4 5 3 2 4 2 5 3 2 3 
