20 50
...T...TT.T..T.T....T.T.....T.T....T..T..T..TT.... 14
T..T............T..............T.....T....T.....T. 8
...T.TT.T...T.....T.....T...........T.T....T...T.. 11
T..........T......TT...TT....T.T.T..........T....T 9
.T....T.............T..............TT...T........T 11
T......T.T....T.T....T..T....T....T.......TT..T... 7
...T.........T...T.T........T...T....T...T.......T 11
....T........T..........T..T..T.........T...T.T... 8
....T....T.T.TT................T.........T........ 10
T......T..T....TT.....T.......T....TT.T..........T 9
....................TT....TT.T.................... 8
T.T...T.............T..T.T....T...T...TT.T..T..T.. 7
.......T..TT....T................T.....T.......... 12
T..T..T..T............T............T..T.....T.T.T. 8
.T......T.T....TT..T..TT....T...T.T...T.TT..T..... 11
............TT...TT.......TT........T......T...T.. 11
.T..TT.......T..........T..T.....T............T.TT 7
..........T.........T..T......T................... 9
..T....T........T...........T.....T.....T......T.. 8
.T.T...TT...T..T..........TT.T...T...T...TT.T...T. 13
7 2 5 4 3 2 5 4 2 7 3 4 5 2 3 4 4 5 2 4 5 2 5 3 3 5 2 4 5 4 2 6 3 2 6 2 5 3 5 2 7 1 5 3 4 3 5 4 4 5 
