20 150
.............T.T.T.....T.T...TT....TTT......TT.T.T..T...T...T.T.T....T....T.T...T..T..T.T.T.....................T...T.T....T..T..T.......T...T..T.T.T. 38
TT..T..T...................T..................T......T.......T......T....T....T...T......T...T.T...T.........T.........T...........T...T.............T 24
..........T.....T.TTT......T...T.T.......T.......T.........T.......TT...........T.........T...T.T...T..T.T..T................T..T...T...T.T.......T... 23
..T...........T........TT.........T...T.T...T.T.......T..T...T.............TT.T....T.T.T.T.........T..T...TT...T.T.T......TT.T.........T.....TTT.....T 32
T.T.....T....T...T.....T....TT.......T...............T......T....T....T..T......T...T....T....T.....T..T....TT....................T......T....T....... 24
.....T.T...T.............T.T....T.......T.TT......T.....T..........T.....T...............TT......T.....T..............T.T.......TT..T...T..T.....T.T.. 27
T...T........T....T.T..........T.............T......T.T......T......T..T....T....T...T......T..................T..TT.......T.T......................T. 28
...T..T.T.......T.....TT....T.T...TT......T...T.....T............T.......T.T........TT............T..T.......T..T..T....T.....T.T....TT............... 25
T.....TT...T.....T.....T..........T.....T.......T.....T...TT.......TT....T........TT......T...T..T....T..T.......T..T......T..T.....T..T...T......T... 32
..T......T......TT..T.......TT..T.....T.....T.T........T.......T..T..T..T..T..T......T.....T...T.......T......T..........T.......T..T....T....T......T 28
..........T..T..................T...T...T.....T...T......T.........T.............TT....T........T.T..T..T...T.T....T...T....T...TT............T..T...T 25
...T.T...T.........T...T.....T....T..T....T.T......T..T....T.T...T...T..T...........T..T..TT...................T....T..............T.T.T..........T... 32
..T...T...T..TT....T..T..T.TT..T..T.....................T......T..T.......T..TT..........................T.TT.............T...T.T........T..T...T..... 28
...T.....T...........T..T...........T..T.....T....T.T.T....TT....T......T.....T............T...T....TTT.T.....T...T.....T....T....T..T...T....TT...... 26
....T......T..T....T......T....TT..........T..........T.T......T...T.T....T..T...T.......T...T...T.........TTT.....T..T.T...T...........T....T...T..T. 26
......T.....T.......................T.....T....T...T...............T...........T.TT.T...T........T.TT...........T......T........T...........T..T...T.. 28
.T.T......T....TT....TT..TT...T.......T.T.......T..T..T..TT..T..T..T.......T................TT.........T.T.....T..TT...TT..T.........T..T........T..T. 27
.......T........T................T..T.....T.T........................T....T..........T...TT....T................T........T...T....T.T.T......T........ 29
.T.T....T..............T..T.T.T.T..T..TT........T........T....T....T.....T...T.T...T........T.....T......TT.T.TT......T....T..............T..T........ 27
.T.....T..T..TT...TT.T...........T...T......T.TT.....TT.T..T........T...T.T..T....T.T...T..T.....T.T.T....T......T.....T.......T.T....T.........TT...T 33
5 4 3 5 1 4 3 3 7 1 7 1 3 4 3 6 3 5 4 2 6 0 5 4 4 4 2 7 2 5 2 6 3 6 4 4 4 4 4 1 4 3 4 4 3 5 4 4 1 6 2 4 4 4 4 3 5 2 6 2 5 3 2 5 0 6 3 6 3 4 4 4 3 5 2 6 3 3 6 2 5 3 3 5 2 7 2 6 2 6 3 3 5 2 5 3 3 3 6 1 6 3 4 3 5 3 4 2 7 1 7 1 6 2 7 1 4 4 1 5 4 3 4 4 3 3 6 4 3 4 4 2 6 2 2 7 2 5 3 3 4 2 4 4 2 5 3 4 2 7 
