20 140
.....T..T.......T.T..T...T.T....TT.T..T.T...T....T.T.......T...T..T........T.T.......T..T..T...T..T..T..TT...T...T........T..T.....T.TT..... 37
........T..T.TT...T.....T.......T.T..........T.T...T.T.T..T....TT...TTTT......T.TT..T..........T....T...............TTT......TT..T......T..T 24
T..T...T...T....T...........T......T.....T...............T........T........T.T..............TT..T....T..................T..T..........T...T. 25
T...T.T....T............T.T...T..T.T......................T.T..T....T....T....T.......T..................T..TT....T...T...........TT...T.... 27
.......T..T...T.......TT...T.T......T.T....T....TT..T..T..........T........T......T......T..T.....T.......T.........T..T.....T.............. 25
..........T...T.TT..............T.....T........T........TT....T.T...T.....TT.....T.TTT.....T..TT...TT.TT..T..T.T..T...............T...T..... 22
.T..TT.T...........T............T.T...............................T...............T...T......T.....T..T....T...........T...TT........T.....T 25
T.....T...........T..T.T......T.T........T.T........T.....T..............T..T......T....T.....T.......T.......T.T..............T.........TT. 26
..............T..T.........T.............T.T..T..T.T.............TTT............T......T....T..........T............T...TT.T..T..T...T..T..T 27
.....T..TT..T.......TT......T.T.T.TT..............T....T.....T........T.T..T..T.....T.........T..T.T...T......T..TT..........T....T...T..... 20
......T.......T.T...............T....T..T......T...TT....TT....T...T...T.T......T....T..T.T.......T.......T.T.......T...T.T..T.T...T...T.T.. 36
T.T.....T.T......T.....T.T....TT...........T.T..T....T...........T........T.T...T............T.......................T..T.T.......T......... 15
..TT.......T.T....T..TT...T.....T.....T.T.........T........T.............T.T......TTT...........T..T.T..T..T...T..T...T...............T.T.T. 34
T....T..........T..T............T..T...........TT......TT...T.T....T..T.........T...T...T.T.T...T........T...T.....T........T...T..T.......T 25
........T.T.......T..T............T.T.T........................T.T.............T..T...........T...T.T...T.................T................. 19
T..TT.T.......T.........T............T..TT..T.....T......T.....T.T....T...............T..T..T.........T............T.T.....T....T........... 31
.....T.......T.TT...T.....T...T...T........T.T..TTT..T......T...T......T..T.T...T........T.T....T.........T.T..........T..T.TT...TT...TT.TT. 23
T...........................T..T.........T...........T..T.....T....T..T...T.TT..T...T.......T..T...T.....T.....T.T...TT....T..........T..... 24
..T.T.T..T....T.......TT..T.....T.T............T...........T.......T...T...T.........T....T.T..TT....T............................T..T.T.... 26
....T..T..T......T.T....TT...T......TT......T..T...T..........TTT...T...T.......T.T......T........T......T.T..T.TT....T..T...TT..T.......T.. 34
5 4 3 4 4 5 3 6 2 5 4 3 3 4 3 6 2 6 2 6 1 7 0 6 3 3 3 4 3 4 3 5 4 4 6 4 3 4 4 2 2 6 1 4 4 2 4 1 8 1 5 5 1 7 0 2 6 2 3 6 1 6 3 4 4 3 6 3 5 4 4 3 3 3 5 4 6 2 4 4 4 5 4 3 4 2 6 1 7 2 3 4 4 3 5 2 7 2 4 4 5 2 6 3 6 3 3 3 3 2 5 3 3 3 4 4 3 4 3 4 4 5 1 7 1 5 4 3 5 1 7 1 6 2 5 4 2 5 2 7 
