20 70
..T...T......T..T..T....TT..........T..T....T.........T......T..T..T.. 14
........T..T.......T........T....T.......TT....T..T..T.........T.T.T.. 10
......T.......................T....T.T......T....T.....T..T..........T 11
TT.T........TTTTT.......T...T....T.....T..T....T..T..........T.T..T... 14
..........T.....T.T..T....T....TT...........T.T.......T.T.....T....... 12
.......T...T.......T..........T..T...T.....T.............TT..T.TT..... 14
..T....T..............TT...T....T..TT...T.T......T...............T.... 11
TT..T...T...T......T..................T.................T...T.T....... 14
......T....T..T..........TT...T..T.T....T......TT..................... 7
...T.....T......T.......T...T.........T.T....TT...T........T.....T..TT 14
T...........T......T.........T.T.............T.T....T...T...TT........ 12
......T..T........TT...T..T.....T..........T.............TT.....T..T.. 14
.T.T............T.................TT...TT..T....................T..T.. 8
......T.T...........T...T.....................TT....T..T.T...T.T..T... 12
...........T..T.............T..T.................T......TT........T.T. 14
T..T.....T...T.TT...T........T.....T...............T.T..T.T.......T..T 14
...T...T....T.....TT........T....TT...T..T.T.T.........T.T..T.T..T.... 14
.....T...........T.TT..T..T.T.T........T......T..T.T...............T.. 16
.T......T...T..................T..T.T.....TT......T........T.T.....T.T 8
..T.T..T.T.....T....T.T..T...T...T.T...T..T....T...T.T..T.T....TT..... 24
3 5 2 5 3 2 6 2 2 6 1 5 4 4 2 5 3 4 0 7 2 5 2 4 2 4 3 5 3 2 6 1 6 2 6 3 6 2 7 0 7 1 5 3 4 4 1 7 2 2 8 1 4 2 2 6 3 4 3 4 4 5 2 8 1 8 1 5 3 5 
