20 160
T.....T........T......T.T.T.T.T........T.........T...T.T..T...T...........T.T.T.......T.T......T.T.........T.T...T.........T.T...TT..........T....T.....T.....T. 42
............T..........T...TT....T........T...T...T................T.......T.T..T.....T..T...T..T......T.T.....T....T.T.T...T..........T.........T....TT...T.... 17
............T.....T...T.T.......T..T.....T..T...............T.......TT.T......T....T.....T...T.T...T....T...T....T..T..T.T...T.T.T...T.............T....T......T 30
T.........T...T...T.T.T.......T.....T...T.T.............T.......T...........T......................T.......TT...T.......T...T......T.......T..T..T....T....T.T.. 27
...........T............T....T.....T...........T..T...........T.T.....T.T.T......T..........T.....T.T...T..........T......T....T..T....TT.T.....TT......T.....T. 27
.....T....TT.......T.......T..T........T.....T..................T..T.T...TT.....T..TT...T...T..T.T....T...T..T.......T..T...TT........T.....T...........T...T... 30
.T...........T....T.T.......T....T...T..T.T..........T.............T..........T...T..........T.....T........T..............TT......T........T.......TT........T. 26
T....T...T...........T..T......TT..T............T.......................T....T............T............T.T............T...........T..................T...T.....T 29
......T................T.....T................T..T..T..T....T....TT......T....T...T.T..T..T.T..T........TT....T.......T...TT..TT..T...T.TT.T.T..T.....TT......T. 26
...................T...........TT..T...T..TT....T....T.......T....T...T.T...T....T..T....T....T..T....T.........................TT........T................T.... 20
.T......................T....T..........T...T....................TT............T.......T..T..T..............T.T..T.T.........................T.TTT.T.....T.T.... 24
T.................T..............T.TT..T............T..............T.T.........T.T.T.....T....T.........T......T....T..T.T..T......T...........T.....T....T..T.. 23
...........T......T.........T...T..........T.....................T.....TT...TT........T....T....T...T.....................T.....T..T.......T..........T.T....... 23
...T.........T.T.................T..T.....T...................T....T......T...T...T............T.......T............T.....TTT....T.T.........T...T...T.....T.... 22
....T...........T......T..TT...T..T...T...T..T.......T........T.T...T..................T.T..............................TT......T..T....T.......T............... 20
..T...T............T.T......................T.....T..................T.T..T...TT....T.T....................T........T..T....T....T..........TT........T.T....... 24
............T.......TT...............T..............T..T......T...T....T...T...T..T............................T......................T....TT......T...T........ 19
.T.........T....TT..........T....TT..T...T..........T.T....TT............T....T.......T.....T...........T............T............T......T...T......T.T.....T... 30
..........T..................TT.T...TT...T.T.T....T..TT..T............T........TT..T..T.T......................T.T...T....T..T...T.T...TT......T...T....T...T... 17
..T.T.......T.......TT...T.T.T........T.....T.T..T...T....T..T..T...T........T..........T......T..........TT........T...T..T..............T...T.T.........T..... 39
7 1 1 3 0 3 0 2 1 0 4 1 6 0 3 1 3 3 5 3 2 4 4 4 2 4 1 5 2 7 1 6 3 6 2 5 3 4 2 5 3 5 4 5 3 5 0 3 1 1 5 3 3 4 2 4 0 1 2 1 0 7 2 4 2 4 2 4 5 2 5 5 4 4 1 6 3 5 3 6 4 4 2 5 2 5 2 7 3 3 2 3 4 2 4 2 6 2 2 2 0 2 2 4 2 5 3 5 2 2 4 3 3 1 1 3 5 1 6 2 6 3 5 4 4 5 2 4 3 5 3 7 2 3 1 3 2 5 3 4 2 5 4 4 3 5 2 4 4 3 6 3 4 4 4 4 4 2 1 3 
