20 50
T......T...T.....T.T.....T...T......T.T.....T...T. 13
......T.T.....TT...T.TT.......T.T.T.....T......... 8
...TT.....T...T...T..........T.T.......T......T... 11
T..T..T...........T.....TT.......T.T........T.T... 12
..T.......TT........T......T......T.T....T....TT.T 9
T..T..T.T....T.T............T....T.....T..T....T.. 9
......T....T.....T...TT........T..T...T...T....... 8
..T.T...........T.........T.T............T..T..T.. 12
..TTT.T..T........T..T.T....TT......T.....T.....T. 6
.........T..T..T.......T..T........T.........T.... 10
.....T....T..............TT....T.T...T.T........T. 11
T...............T....T.......T...T.T.....T..T..... 9
..T......T..TTT...T..T..T..T..........T.......T... 10
T....T.....T........T.T....T..T.........T...TT..T. 9
.TT......T.........T...T...T.T........T.T.......T. 10
.....T...T....T.....T...T.....T...TT.......T...... 12
......T.........T......TT..T...........T..T....T.T 7
.T....T..T........T..............TT.T........T..T. 13
......T.T...T.T.............T.T.T.....T..T...T.... 2
.T.T.....T...T.T.T..T..T...T.T...T.T.....T.T.T...T 21
7 2 4 4 4 2 6 3 6 2 7 2 4 5 2 5 3 1 8 1 6 4 4 4 3 4 5 4 4 4 5 4 5 2 5 4 3 5 4 3 4 5 2 5 4 4 5 3 6 4 
