20 250
...T....T..T.....T...........T.....T..TT.T..............T.T...T.TT........T.T....T.T....T.............T...........T.T...TT...TT...T.T......T...........T.T.T...T...........T........T...T..........T.......T.............TT.....T.T.........T..TT.T....T.. 47
..T....T.T.....TT......T...TT..T.....T.......T........T..T.T......T...T.............................................T......T....T............T........T...........TT.........T.........T..T.T..T....T..........T..T.......T...T....T.......T..T....T.....T 34
....T...T.T........T...............T...TT...............T.......T......T.T...T....................T..T......T..T................T....................T....T.T........................T....T..T..T...T.........T.T.T...T..............................T.... 34
.T.....T......T.......T.T......T..T..T...TT........T...TT..T........T...T.............TT...........T.....T...T....TT.......T.............T.........T...T.T...T.........T.....T..........T..T...T......T....T.T..........T......T....T.............T.T..T.. 47
TT......T.........TT..........T...T....T....TT.......T.......T.......T...T....T....T....T...........T.T...T.......T..T...T...T.....T..........TT......T.........T............T..........T.....TT.....T..TT.T.......TT.....T.T...T.........T......T..TT.... 35
..T..T.T...T......T...T..T...........T...............T..................T...T......T............T......T...T........T.T...TT...T.........T..T..T....T....T..T.....T.....................T..........T......T...........T..................T...T.T........T. 38
........T.......T....T..T..............T.........T..T.T.......TT....T................TT........................T.....T..............TT..........T....T..T.......T.........T.........................T.......T.......T...T......T................T......... 31
T...TT....T..T...............T..........T...T..T...............................T......T.............T.............................T..............T...TT...........T..........T..T....T.T......T.T.T.....T......T............T.....T..........T....T....... 31
........T......T.T.....TT..T....T..T.......T............T...............T..............T...T..............T...T.TT..T.T..T.................TT..T.......T............................T.............T...T..........TT......T......T...............TT.......T 34
....T..............T.TT........T....T..T.....T...............TT..T.........TT.........................T.........T..T.........T..............T..............T................T...T....T........T......T...T...............T.T..............T...TT....T..... 37
T........T..TT.....T......T.T.....T....T...........T.T..T.T.T.....T.T......T...........T.T...........T....T...T......T...TT...TT...........T....T.TT.T....TT......T........T..T..T....T........T.T......................T.T...T..T...............T........ 38
.........T.....T......T.T.......T.....T.......T.T.............................T....................................T........T.....................................TT..............T...............T....T...........T......T....T.........T.T.....T....T... 35
T...T.TT....T.T.T..T......T..T....TT.......TT.......T...T...T.T....T................T.T.T..........TT...............T...T.........TT.....T.T.........T.......TTT.................................T.....T..T........T............T........T.........T....T. 35
..T.T........T........T.TT..T.........TTT....TT.......T........T...........T.............................T..T..T.T.....T.....T.T..........T..T........T.T.T....T..T..T.....T..........TT.......T..TT.......T.....T............T........TTT.T...T.........T 36
.......T.T.T.T.......T.............T.....T...T.TT..T........TT...................................T.................T.....T...........T..T........T.......T.T.TT...........T..........T................T......T........T.T..T....................T.TTT..... 31
T...................T...T.........T....T...T........T.......................T..T..........T......T.....T.T.........T....T...T...............T.......TT......T.........................T...T.T.T.T.T.T...TT.............T.....T...T.....TT.....T.....T..TT. 45
...T.........T.TT..........T..............T.....T........TT...........T..............T.............T....T....T..T...T...................T..T..T.......T................T.........................T..T....T...T...T.....T..T...TT....T..................... 37
.......T........TTT....T.............T........T................T.....T...T.....T.......................T..T..T...T.T..T..TT.T.......T....TT....T........TT.......T........................................T...............T.T.T.TT.T............T.....T... 39
T..T.TT.T..T...T..........TT......T...T.....T..T..........T.........T..T.....T........T...T..T.T...T.......T..T..T...T..........T.......T...............T.....T...........T....................T.....T....T......T......T.............T....T....TT...T...T 32
.T.....T......T.....TT..T.T.T..T....T.T.T..T.T...TT......T.......T......T.T..........T.....T........T.T.T...T...T....T.T.T.T...........T..T.T..T......T.T..T...TT........T.........T..........T..T.T...T...T..T......TT...T...........T....T.T.....T...... 58
5 5 2 2 5 4 3 7 3 6 0 5 3 4 5 4 4 5 0 9 0 7 1 8 1 7 2 2 4 3 1 5 2 4 3 6 2 5 4 4 4 4 4 4 5 4 3 2 3 2 4 1 3 3 4 2 5 3 0 8 0 6 1 5 1 1 2 2 3 4 1 4 0 4 2 6 2 4 0 3 1 0 0 3 1 5 3 5 1 1 2 1 1 0 1 1 1 2 3 0 4 5 4 1 2 2 4 3 4 5 1 5 3 4 6 2 7 1 6 1 5 4 5 4 2 5 3 3 0 3 0 3 2 2 3 0 4 0 9 0 8 0 6 2 1 4 0 3 3 6 3 4 5 5 4 3 6 1 6 0 3 4 4 2 1 0 0 1 2 0 2 5 1 4 0 2 0 1 1 1 1 4 3 4 2 4 0 3 1 3 1 7 2 6 3 5 4 5 2 4 3 3 5 2 4 1 4 1 5 1 2 4 2 1 5 1 7 3 3 7 1 3 5 3 4 3 2 4 0 1 3 0 2 2 6 2 2 4 3 6 2 7 2 6 3 2 4 2 5 3 
