20 120
.T.......T.....T.T.T.T.T.T...T.T.T...T.....T.T.TT......TT.....T.T....T....TT...T.T...T.T..T..............T....T....T..T. 43
T......T.T.T.......T..T.T......TT..T....T.........T.T..T.T.T...........T....T...T...........T..TT..T..TT..T......T...... 9
.....T..........T........T.T........T..T.T.T....TT..T........T.......T........T..T...T............T.T...T....T.T....T... 36
T.TT..TT....TT.T.....T............T......TT...T...T............T.T..TT..T..................T......T....T.T.......T...T.. 11
.........T.....T.T..T......T.T..TT...T..T.................T..T.....T..T................T......T...T............T...T..T. 23
............T............T..T.................T..TTT......................T..........TT..T..T.......T......T............ 19
.T.....T...............T........T..........T...T......T..TT.........T....T..T....T......T...T...T.T.......T............T 17
.T.......T..T.....TT....T...T.T........TT...T........T.....T...T.T.....T..........................T..T..T........T..T... 20
..T.T.T.......T...........T.....TT..T..T.......T.....T.T.T..T.....T....T..T....T....T.....T.............T.T..T...T...T.. 25
T..............T..TT.T.T.....T.......T...T......T.TT..T..................T......T.....T.T....T.T...........T...TT....... 22
.....T............T.T.......T.....T..........T.T.................T..T..T..T......T..T.....T............T................ 25
....T..T....T..T..T....T....T...T......TT.......TT.T..T....T....T..T.....TT...T.T......TT......T..T.T..T..T..T...TT.T..T 23
..T....T..T......T.....T..........T....T.....T.......T.T........T.................T.T.T.....................T.......T... 20
..T.T........T....T..T........T..T.......TT.....T.....T...T.T....T.T..T.......TTT..T...T.....T......T.................T. 21
...T..........T....T.........T..............................TT..T.....T..........................T....T..TTT...T.T.....T 14
T....T..TT...T.T......T........T........T..TT.T....T.T....T.T.......T..T.T............T..T.........T.T..T.....T.....T.T. 26
..T....T........T.........T.TT.......................................T.......................T..T.............T......T.. 14
..T.......T.........TT.T.......T.....T...TT..T..T....T........T........T.............T...T..T....T....T.....T...T.....TT 24
.....T..........T.T.......................T..........T.......T...TT.......T.T.......TT.T.................T...TT....TT... 14
.T.T.T.T..T...T.....T.T..T.T....T.TTT..T....T..T..T..T......T..........TT....T.T........T....T.TT..T...T.T...T.......... 36
5 4 4 2 5 3 5 5 2 4 4 3 2 4 1 8 1 7 2 8 1 5 5 3 5 1 6 2 4 3 5 4 5 3 4 2 4 2 5 3 6 3 6 2 5 3 6 3 6 1 6 2 5 4 5 5 0 6 2 4 5 2 4 3 4 1 3 3 5 3 5 4 5 2 5 3 3 2 2 3 3 4 2 5 3 4 3 5 2 6 2 4 2 3 3 2 2 4 3 4 4 4 5 2 7 2 5 4 3 3 3 4 4 4 4 4 3 6 3 4 
