20 160
.T.T.T......T..T.........T......T..T......T...T...T.........T................T.......T....TT....T...T.T.....T.T...T..T....T.............T.T................T.TT. 39
..T.T.T.T..T.T......T....TT..TT.............T......T..T..T.T..TT.T..T.............T...........T......T....T....T...T............TTT....T....T.TT...T..TTT....... 27
.................TT..T...............T.T.T......T..T.T...........T..........TT..T..T.........T..T...T..T.....T....T..T.....T............T.....T..T...T.......... 28
T.T.....T..T....TT.......T....T..T....T....T..TTT....T...T....T....TT..........T.........T....T...T.T.....T.........T....................TT......T......T..T...T 30
T...T.......T.T...T.....T....T......T...T...........T........T.........T.......T.T...TT.T....T........T...T.T.T..T....T..T......T.......T....TT....T......T..... 32
...T..T.T....T..............T.........T.......T..........T..T...T......T.T..T........T...T.T.....T.............TT..T...T.TT...........T.T..T..T................. 25
.TT.T............T.T.T.T.......T.T.T.....T.T.....T...TTTT....T.T.T.........................T.....T.........T........................T..............T..TT..T..... 30
T......T......T........T.......T..T..T.......T.T...T......T...T...T.T..T.T...TT.T.T.....T............T...T..T..T.............TT..T.....T.....T..T..T..T.......T. 33
..........TT...T..T.......T.T.....T......TT.....T......T........TT..T..T.....................T..T.T..T............T..T.T..T.T......T.....T....TT...T...T.......T 24
..T.T...........T.T..T.T.....T.T....T...T..T.T....................T...........T....T..........T.....TT..T.T......TT......T......................T..........T.T.. 31
.T.T........TT......T...T.........T...........T.....T.......T.T.T..........T..T...T.T.T...........T........TTT........T....TT..T.T..T...T.TT......T.......T..... 27
T.T..T................T...T.......T.T.............T..T.T..............T..........T....T...T...TT.....................T..TT...........T.......T..T.....T..T..T... 29
....TT..T...T....T..T....T...T........T...T.T....T..........T.T..T....T..T....T................T............T..T..T................T...........T....T...T....... 31
...T..T......T..............T..T.......................T......TT.................TTT.....T......T...T.........TT....T.T.....TTT..T.....T.T.T..........T...T...T. 34
..T....T.T.......T...T.T.........TT.......T...T...TT.....T..............T...TT.......T....T...TT...T....T.T.......T...............TT..............T......T..T.T. 26
......T...T.T...T.......T.T..T.......T..T....T......TT.....T.T...T.T.T..T..T...T...T..............T...T.T..T..........T....T.............TT...T.T..TT.T......... 33
.T..T........T...T..T...T.T.....T..T..T...T.............T..T.....T...T.......T.........T.TTT...............T.T...............T.T....T.T..TT.T.......T........... 26
..........TT......T....T......T....TT............T..T.T.......T....................TT..T.....T.T.T..T......T....T..T...T..T......T....T........T.....T...T...... 30
.....T...T..T..T....T..T...T..TT.........T.TT..T....T..T.........T............TT....T......T..T........T.T......T..T.............T....T.........TT......T...T... 27
.TT.............TT...T..T.........T..T......T...T.........T.TT........TT...T.....T..T....T........TT.T......T.........T.T....T.T.T......T.TT...T.....TT.T...T.T. 40
8 2 5 4 4 5 4 4 4 4 3 4 5 2 6 0 9 1 7 2 4 5 3 4 5 4 4 3 4 3 5 3 4 5 4 3 2 5 3 5 2 6 2 4 3 6 0 9 1 5 1 6 2 5 3 6 0 7 0 7 2 6 4 4 5 4 3 4 2 3 3 3 3 2 3 2 3 5 4 3 6 2 6 2 6 2 4 2 4 3 5 3 3 6 1 5 3 3 5 4 3 7 2 2 5 1 7 2 5 4 3 6 3 4 2 5 3 4 3 6 1 5 1 5 3 4 1 3 4 5 4 2 3 1 4 6 4 6 2 6 2 4 5 3 7 2 5 4 3 4 3 5 4 4 4 4 3 3 2 5 
