20 110
.TT..T...T.TT.T...TT...T..T.TT........................T....T....T.....T..TT......T.T.....T........T..T...T...T 22
....T....T.T............T.............T......T.....T.........T......T.T......T.......TT..T....T........T..T... 17
......T........................T.......T..T..........T.T......TT..T....T............................T...T..T.. 14
.....T...T......T....T..TT.......T...................................T..T.................TT......T....T...... 18
........T....T....TTT.T...T...T........T..................TT...T.....T............T...TTT....T.T.........T..TT 16
............T.........T.................T...............T.......T.T..T.....................T.......T.T....T... 13
...............T.....................T..T..T.............................T.....T...........T........T......... 10
........T...T...TT.T......T..............................T...T....T......TT.............T............T.......T 15
....T....T.........T....T..T........................................TT............T.T.T..T.........T....TTT... 15
.....................TT.................T.....................T.T.................T...........T...T.T........T 12
..TT.T.T......T....T..............T....T..T..............T...T.......T.............T...T...T........T..T...... 18
......T...TT....T....TT....T........T.T....................T.....TT....TT.T............T.....T.T.......T.T.... 14
....T......T.....T...........T.............T.........T.T....T........T.................T..T.......T.T......T.. 18
.T....T.T.....T......TT..............T......T..T..............T.T......T..T.T...T........T.........T.......T.T 16
.T.......T.T..T....T...................TT..T.....T..T...T.T...T...TT.....T.T................TT......T......T.. 21
T..........T.T.T...T..T......T.......T...T.................T..TT.............T..T.....T..................T.... 17
...TT.T.T.......T.......T................T.........TT.T.T..T..........T..........T...T.......T...T...T....T... 20
...................TT.......T..T......TT...T...T...................TT......TT.T........................T.....T 14
..T.....T....T.T.....T........T.....T.................T......TT...T..T...........T.T..............T.......TT.. 20
......T..T....T..T.T.....TT................T.TT..T......TT...T...T.T....TT.T....TT.....T...T.T......T...T..... 23
3 2 2 1 3 4 4 3 7 3 4 3 2 6 3 4 5 1 7 2 5 4 6 2 4 1 3 4 2 4 1 2 0 1 1 0 2 3 6 2 4 2 5 1 3 0 2 1 3 0 0 2 0 4 2 4 1 5 3 3 3 4 5 3 4 3 6 3 4 4 5 2 5 3 5 2 2 3 1 4 1 2 2 4 3 1 4 4 4 3 4 4 3 4 0 1 1 1 3 7 2 6 2 5 3 3 5 4 3 6 
