20 80
.T....T..T................TT.............T.T..T.T..T..T...T..T.T...T...T...T...T 19
T..........T...TT.T..T......T............T.........T..TT.T.T..............TT.... 16
T.......T........T....T...T..T.TT.T..T.........................T.....T........T. 16
...T..TT...T......T..T.....T......T...T...T..T.....T......T...T....T...T.T...T.. 14
..T.T............T.T...T.....T.......T.T......T.T....T..T..T..T.....T.T.T...T..T 17
......T....T...T.......T.T....T..T........T......................T....T.......T. 11
......T..T..T...............T.T.............T.......T....T..T....T......TT...... 16
T..T.........T...T..T...T........T.T.T................T...........T........T.... 11
.TT..T.T....T.T.T...T..T.T...T........T....T............T.T................T...T 15
T....T...T..........T...T....T..T.T...T............TT....T..T..........T...T.... 12
.T....T....T....T..T.....TT....T.T.T....T...............T.......T...T....T.....T 14
.........T...T........T....................TT..T.T.T.T........T................. 15
T...T.T......................T..T.......T.........T.....T......T..T...T...T.T... 12
...........T...T....TTT......T...T..TT..............T......T..T..........TT...TT 20
..T...T....T.............T.T......T.T.....T...T.TT...............T...T.......T.. 9
...T......T............TT...T.T.........T...T.........T...TT..T........TT......T 20
T........T....T...T.T....T.........T..T........TT...T..........T.T............T. 9
T....T................T.......T.....TT.......T...........T...T..T...T.T......... 16
.T....TT..T.T.T..T.TT.......T...T..T...T...TT....T..TT.T....T.........T.....TT.. 14
.....T.T................T.T.....T.............T.......T.T......TT....T..T....... 19
6 4 4 2 6 1 7 2 4 5 2 5 2 4 3 3 4 3 3 5 4 3 3 6 1 9 0 7 2 5 3 4 4 5 4 4 3 5 3 2 5 0 6 1 6 1 5 1 5 2 4 5 1 4 4 5 3 5 2 7 1 2 5 3 2 7 1 5 3 4 4 2 5 2 5 3 4 4 2 7 
