20 190
.................TT..T.T..T....T...T....TT.....T............T..T...T...T.......T.T...T...T...T...T..T.TT..TT..T.T.....TT.....T.............TT..............T..T......T...T.....T..T.....T.T.TT 41
..T...T.T.....................T..............T..T.T.T....T.......T.T..T.T....T................T.T..T..........T.....T...........T.............T......TT.T........T.....T..T................... 35
.........T...T..TT....T..........TT...............T....TT......T......T.........T.T.T.........T...............T...................T.T..TTT......TT........T.........T..T...TT.T......T.T..T... 27
....T.............T..T......T....T....T.......T......T.T.T...T.TT..................T...........T.....T...T...........T.......T...T...........T.....T........T.T....T...TT..T.T..T......T..T... 31
......T.....T...T..T...................T......TT.................T.............TT.T..................T.T..........T....T........TT..T..T..T...T..T.....T.....TT.....T...........T..T.....T.... 28
...T..T...............T............T.......T...T...TT.....T...................T........................T........T...T...T................TT............T.......T.T.....T.T.....T.......T...T.T 19
...T....T........T....T.T.........T.......T..T.......T....T.TT..T................T.......T....................................T..TT..T........T.T...T.....T..T...T...............T....T.T..... 32
....T.....T.......T.....T........T....T........T..........T...............T.............T..T........T......T..T...T.........T......T..T...T.T.......T...............T.T...T.T...............T. 29
.T...............T..........T......................T...T....T....T...................T..T...........T...........T.T...T.......................T......T...TTT....T....T..T.T.T.........T.T.T... 29
.T.....T....T..........T..T.....TT.....T.......TTT......T.....T.......T.....T....T...............T...T.T...............T....T....T.T............TT......T.......................T........T.T.. 31
T..T....T......T...T..T.T............T...T..TT.....TT..........TT.......T......TT...T..T.......T...T.......T...T...T.T........T................T.....T..........T.T..T.....T......T.T.TT....T. 33
..TT..............T...............T......T...............TT......TT...........T.........T..............T.TT..T.T....T...T..T....................T.T....T.T...T....T.....T..T..T...........T..T 31
....T...T.T...T......T.............T...T.......T..T..T.T..T...T.......TT..T....T...T.....................T..........T...T......TTTT....T..T...T......TT........T..T........T..T........T....T. 33
.......T.......TT........T...............TT..........T..........T.....T.......T...T..TT...........T............T..T.T......T...T...T.T...T................T........T...T...TT...T..TT.....T.T. 32
....T..T.T.T.......T...T..............T........T...........T.T....T...T.T....T................T..T.......TT.................................................T..T......T............T.....T.... 23
.....T...........T............T.......T......T........T..............T.....T..T..TT......T..........T..T........T.TT...T..T..TT..T...T........T.TT..T..T............T...T.............T....T.. 33
T.........T.T.T.T.......T....T.....T..T...T...T..TTT....T.T....T.T..T.T...................T.....TT.TT......T...............................................T..TTT.....T.......T......T........ 29
......T.T....T.T.......T..T..............T...T.............T................T...T.T.T...................T...T...............T..........T...T....TT.....T.............T...T..T...T........T...T 35
...T.....T..T....TTT.........T.........T...T........T.T.T....T...T.T.......T..T.......T...........T...........T.T.T...T....T..T.T..T.........TT....TT........T.....TT..T...T....T...T.......TT 24
..T...T.T............TT..T....T...T.T.....T.T...TT...T......T.T.......TT...........T.T.......T.T......TT....T..T.....T.T..........T.TT....T......T.....T.....T....T.T........T.T......T....... 53
3 2 1 5 3 5 3 4 6 2 1 4 1 5 1 5 3 5 3 5 3 3 5 4 3 4 1 0 3 1 4 1 0 5 1 4 2 4 4 3 4 2 4 2 4 4 4 3 5 2 7 2 4 2 6 3 2 4 5 4 3 4 6 2 6 3 4 3 2 4 3 2 4 2 3 0 1 4 2 6 2 5 3 6 3 4 2 1 2 2 3 1 2 1 1 2 5 2 2 6 2 6 1 5 4 3 3 3 1 3 1 5 5 3 5 3 5 3 4 5 0 1 2 0 6 2 4 2 6 4 2 7 2 4 2 3 2 2 1 5 1 7 2 3 5 4 4 3 5 2 6 2 3 0 4 2 6 3 3 3 4 3 5 4 5 4 5 3 5 4 4 5 3 3 5 2 5 4 1 5 0 6 2 6 2 7 1 8 1 7 
