20 110
.T..T...T..T..T...T..T......T..T........T.........T.......T.T.....T..T......TT.....T.T........T.T.T...T.....T. 29
...T......T......T.......T....T.T..T......T.....T..T....T.TT...T......T.....T....T.....T....T..T..T..........T 17
........TT.T.......T.T...............T.T........T....T..........T.T......T......T.....T......T.............T.. 16
.T...T.......T.T........T.....T....T......T....T........T.....T.....T.......T.T....T.T......T................T 22
T....T.......TT.....T..T......T......T...T..........T..............T.T.T..T....T..T........T......TTT.......T. 18
..........T........T.....T...T.T........T.........T....T....T.T...T...T..........T...T.......T.TT.........T... 19
.T.T.TT..T..T.T.T................T.T.............T.....T..T.................T..T.T...T.........T......T..T..T. 23
...................T........T.T......TT.T..T..T...T..T...T....TT...T.....TTT..............T......T..T......... 16
.T.T...T........T...T..T..T.....T...........T......T...T..T........T................T........T......T...T..T.. 19
T..T......T.T...T.T.T.....T.T....T.T..T...T...T....T..........T.T.T..T.T...T...T...T.T...T.T....TT..........T. 25
..T...T..T..T.....T....T.......T....T..T........T..T............T.....T........TT...T.................T...TT.. 20
........T..T..T.....T....T.....T..T....T.TTT.T........T....T.....T.....T..TT.......T...T......T..T.T.T..T...T. 25
.T..............T..................................T..TT....T.T.......T....T...T.T..T...T..................... 18
.T...TT...T.T.........T....T.T...............T..T............TT....T....T.........T...T..T..T.T.....TT...T.... 21
.T.......T.......T.....T...T..T......T..T..T.T............T......T....T...T.TT...T......T.....T........T.T.... 20
...T.......T..TT..T.T.TT.....T...T....TT........T.......TT.....T..T.T..T....T...T..T......T....T.....T......T. 20
......T.T.......T........T....T..T...T....T...T......T.....TT.T..................T.........T..............T.T. 22
T....T......T...............T.......T.....T...........T..T..............T..T.........T...T.......T.....T.....T 16
....................TT.T.......T......T...T...T................T.T........T.T..T....T.....T...T.....T.T...T... 19
.......TT.T.T....T...T.....T.T....T....T.....T......T.T...T..TT.....T..T...T......T...T..T.T..T....T....T....T 26
6 3 4 2 4 2 6 3 4 5 1 5 4 5 4 2 7 2 5 4 3 4 4 4 4 1 5 3 3 4 4 5 4 3 3 4 2 5 3 3 6 2 7 3 2 3 2 4 3 3 4 2 3 4 1 7 1 6 2 5 4 4 4 5 4 3 6 3 2 6 2 6 2 4 5 3 7 2 5 4 4 4 5 2 7 2 5 2 3 3 1 7 2 3 3 7 3 5 2 5 2 6 1 4 2 3 5 4 2 7 
