20 200
.......T.T......T...T...T..T...T.T.T.........T.............T.T..T........T.T..T......TT...TT...T.........T..T...T.........T.T....T......T..T.........T....T.T..T.T......T.....T....T...............T.... 46
....T......TT....TT..T........T..T.....T...T...T....T.T.T......T.....T..........T.T.......................T...T......T.T......T.........T..TT...T..TT...........T....T.........T........T.TT..........T. 28
T..T..T...T...........T.T...TT..T.......T.......T...T...............T....T.T.......T...T..T.T....T..........T...T.T.....T....T......T.T.....T..........T..T..T.................T.........T...T...T..T... 30
....T...T.......T...T..................T...T.....T.....T....T...TT................T.T.T...TT........T..T...T....................T.T........T..T...T..T.................T......T......T....T...T......T.. 44
......T..........T..TT...T.TT....T.T........T....T...T.TTT......T..T.T..T......T......T.......T.......T..T....T.T..T.............T.......T.........T....T...T......T.T.T..T.....T..T............T...T..T 31
T...T...T..T..T.T........T...T...T..........T.T..T...........T.T....T...........TT.................T..TT..............T.T.........TT...T..T..T..T..T...T.T.T.T.......T.T.....T............T...T.T....T.. 43
...T.T....T.T......T....T...T..T......T..T............T.......T.T.....T.T.....T.....T.TT..........T.........T........T...TT..T......T.......T.......T.........T..T........T............T.T.T......T..... 33
T.....T........T..T................T...T..T........T....T.T..T.....T...T...T.....T........T.T.........T..T...T..T.T.........T..T......T.....T....T........TT...T.T..TT.T......T.....................T... 41
...T.......T.T......TT.T..T........T.T..T.T....T.T..T......T.T......T....T......T...T.........T.T.......T.............T.....T....T............T.TT......T..................T...T.T....T.....T.T...T....T 34
.T.....T........................TT............T...T................T..T.T...T..............T...T...T...T.T..TT.........T...T...T.....T................T........T.T....T.....T....T.......T..T.T.T.....T. 33
...T......T...T...T........T.T.........T...T..TT........T.......T.....T...T...T.T..T....TT....T.......T...............TT....T....T................TT....T.TT..TT.......T...........T...T......T...T.T... 43
....T.T...T........T..T.T......T..T....T..T..T...........T...T........T.T.T..T.......T.....T.T...T.T....T.......TT..............T...T.........TT.....T..............T.T.TT.....T..................TT...T 28
.............T.......T..........T.....T.....T..........T.T...T.....................T.T...T............T.....T.T..T.......T....T...T....T..T..........T.....T.T...TT..T.......TT.......T.TT...T.......... 38
.T..T................T..T..T...T................T...T...T............T...T.....T...TT.......T..TT.T.....T...........TT.T.....T..T...........T..T..T....T.....TT....T..............T.............T....... 27
...T......TT.T.T.....T...T.........T.T..T...T.T.T............T..T.....T...T.T.........T..T.TT.....T........T..T...T....T...........T.....T..........T...T...T.........T...T....T.T.....T.T...T.TT..T.TT. 46
T.....T..T................T..T............T...T...T.TT....T......T............T....................T...TT.....T..T..T...T..TT.....T.........TT..T.T..T.T........T...T.T.............T...T.............T. 28
.......T......T.....T....T..T.....T....T.......T.......T....T.......T..T...TT.....T.....TT....T..T...........T..T...........T..T.................T......T..T..TT...........T............................ 42
..T........T...................T.....T.......T................T.T.....T.........T...T....T....T........T....T..........T..T......TT.......T....T..............T...T......T....T....TT.....T......TT..... 31
.....T....T.....T.....T..........T.......T...............TT..T.....TT.........T..T.....T...T.....T.T.T......T..T........T.T...T..........T..T....T..T......T.T....T.....T....T..T..........T..T..T.T.... 24
T..T..T.T.T.T...............T...T.T....T.T.TT...T.T..T.T.T.T.T...T.T.....T.......T...T...................T.T....T..T.T.....T....T....T............T...T..T......T....TT........T....T................T.. 50
2 5 1 7 1 8 2 5 0 6 2 7 2 5 1 6 3 2 3 3 3 2 7 1 6 3 4 2 3 5 3 5 3 6 4 2 2 2 6 3 5 3 6 1 7 2 5 3 4 4 3 3 3 4 3 3 6 3 4 3 4 6 3 5 3 3 4 3 3 4 4 4 5 4 4 3 1 7 0 8 1 5 3 2 5 4 3 5 2 6 2 7 1 6 3 3 4 3 0 6 1 4 1 7 3 6 2 7 0 5 3 3 6 2 5 1 4 3 6 1 6 2 4 4 4 2 5 3 5 4 3 2 7 0 3 2 2 0 5 3 5 4 3 4 4 3 6 2 5 3 4 5 3 4 4 4 4 4 5 4 4 4 5 2 6 3 6 2 5 1 3 3 2 3 5 4 5 0 2 2 2 6 1 3 2 5 2 6 2 5 3 4 2 4 4 3 3 4 3 6 
