20 110
.T.......T..T..T...T..T.......T....TT...T..T.T...........T.T......T.T....T..T.T.T.T.T....T..T......T....T.T.T. 29
..............T..T........T...........T...........T....T......T..T........T.......T.........TT..T.T.T..T..T... 12
..................T..T..T.......T....T.......T...................T.......T....T.T.....T....T...........T...... 20
........T...T.............T...................T...........T...T.............T........T.TT.......T....T..TT...T 9
......T.T..T..T..T...T........T.........T.....T.........T.......T..T..........T.........T......TT..........T.. 21
.......................T...T.....TT.T....T.T.......T.....T.T.T...T....TTTT..T.......T.......T.T.....T..T...... 19
..........TTT......T..T......TT........T........T...................T............T..T...T....................T 16
....T.................T.T.......T...TT.....TT.......T...T.............T..T.....T............T......TTT..T.T... 21
.T........T....T........T.T..T.....................T.....TT.T...T.......T....T...T.TT....T.T...T........T.T... 21
T.....T.........T..........T......T........T..........T...T....T.........................T..T..T.......T....TT 16
...T...T........T..T....T.T.....T...T.T.TTT.....TT...T....T..T....T...T....T.T..T.........T...T..T............ 24
.T.T..T..T..T..T.......T.....T...T........T..T......TT....T....T.......T............T.T.....T........T....T... 17
.......T.......T...T.......T..T.....T...T.....TT.......T..........T...........T...T...T.T..T..T...TTT...T.T.T. 25
........T..............T...........TT...........TT..........T.T.T....T.....T.T...T.....................T.T.T.. 16
.T..........T............T...T.......T................T.........T......T......T.......T......T...T....T.T..... 18
........T......T..T..T...T.T...TT..........T.....T....T..T.....T.........T.....T..T...T.T......TT...T........T 19
.T...........TT.T....TTT.......T......T..T...T..............T.....T........TT......T.T............T...T....... 16
....T....T.........................T....T.............T..T......T..T.........T..T.......T...T...........TT...T 21
......T....T....T......T...TT.T................T........T.T.T..T.........T.T.........T...........T.T.........T 15
....T.TT.T...T.T..T.TT.............TT......T..T..T..T....T...T.....T.TT.T......T.T....T.....T..T......T..T..T. 28
3 3 1 2 2 1 4 1 6 4 2 5 3 4 4 2 4 3 3 2 5 3 3 6 3 4 5 1 4 2 5 3 2 4 6 1 5 4 3 2 4 2 2 6 3 3 4 2 3 2 4 0 4 2 3 1 7 2 6 3 6 3 4 3 2 5 5 1 4 1 3 2 5 3 6 2 5 2 5 4 4 3 4 4 3 7 3 3 5 2 1 5 2 7 3 5 3 4 3 4 3 6 2 6 4 5 3 6 2 7 
