20 40
.T......T............T...T..T...T...T... 9
T...T..T...T..T..T.T....T..T..T..T...... 8
...T.........T.....T...T..........T...T. 8
......T....TT.T...T.......TT...TT.....T. 7
........T.........T...T..............TT. 9
T...T...T.....T.............T..T.T.T.... 7
T..........T.T..TT.....T................ 6
......TT....T.......T.....T....T.T.....T 8
.T.............TT.T.T...T...T.......T.T. 8
.T..........T..........T.....T......T... 7
....T...TT....T......T..T.......TTT..... 8
......TT...T.....T......T....T.T......T. 6
T..........T......T.....T..T....T....... 8
.......T....T.....TTT.........T.....TT.. 8
T.T.T.........TT.......................T 8
...T.....T...T.......T..TT.T....TT...... 10
T....T.T......T....TTT...T.........TT... 5
...........T.T..T...............TT..T..T 11
.T.TTT..T.......T.....TT...T.T....T..... 7
...T.....T..T...T..T...T...T.TT......T.. 11
9 0 4 4 3 2 4 2 6 3 2 5 3 6 4 5 2 6 3 5 4 4 4 5 4 3 5 2 7 3 1 9 1 6 2 6 2 5 3 5 
