20 220
T.....T.T...T.....T...T...T..T.......T..T.TTT...T.T.........T......T...................T.T.....................T..T.....TT.T.T.....T....T.T...T.T......TTT...........T......TT.T..........T.T.T..T......T.T...T.T....T.T...T 55
.....T......T.T...T...........T...T.............T...T......T...T...T.....T.T.T..T...T..........T.T..TT...T.T.T.T...TT...........T...TT...........TT........T.T.T.T....T.........T......T........T...T....................... 31
....T...T..........T....T.T.....T......T.T..TT...........T....T......T......T........T....TT....T......T..T.T.........T.T.T.T.....T.T..T.......T......T..............T....T.......T......TT...........T....T...T..T......... 40
...T..T............T......T...T...T.T......T......T.........T.....T....T.................TT.T....T.T...T...T......T.........T...T...T.........T........T......T...T...........T..............T.T...T...........T.T.T...T.... 34
......T...TT...TT.......T....T..T.T....TT.......T........T..............T........T......T...T...............T...T..T..........T.......T..T.T.....T.T.T.T...T...T....T..................T.T.............TT..........T......TT 40
T....T............TT......T..........T.....T..T....T...............TT..T................T.......T...TT...T.T.......TT..T........T..T...T...............................T........T.T..TT..T.T.....T...T....T.TTT...T...T...T. 35
.............TTT............T..T.......T...T......T.....T................T.T...........T......T........T..................T...........T........T....T.T..T..T.T...T...T......TT...T..............T.T.....T..T.T.......T..... 38
TT.T...T..T.T....................T.T................T.....TTTT......T.........T...T.T.T.T.T........T..T..T....T..T.T.T.....T........................T.......T.......T.....T...T......T..TT...T....T.T.T.................T... 41
.T............T....TTT........T.....T.....T...T.T................T.....T......T....T.T.......T..TT.............T..T......T..T.T..T...T..T.T....T..T..........T.....T.T.T.............T.T....T...............T.T..T.T....T..T 41
T.....T.........T........T...T....T....T........T.T...........T.T...T..T.........T.........T.T...................................T..........T.....T........T....T...........T...T...........T....TT.......T.....T..T.T...... 42
...TT..T.....T......T..................TT..T...................TT...TT...T..T.......T...........T.T.......T.TT..T..T....T.T..T.......TT.T............T....T.TT......T.....T.......TT.T....T...T.......T...T.........T.T..T.T 32
...........T.....T.T.T..T...TT...T..T........T.....TT......T..T........T.....T.......T.T...T.............T........T.T.T....T.T......T...................T........T..T..T....T.............T.T....T.......T....T.T........... 44
.......T..................TT......T.......T.................T............T....TT...T.T.T............T.T........T...............T...T..T.T......TT.....T.......T......T.T.......T.T.....T.......T..T....T..T...........TT..T. 34
......TT......T.T.......T........TT..........T...T...T..........T.T.T.....T...........T........T...........T.............T.T.T.....T...T...T.......T....T..T......T......T.T.....T..T.TT.......T....T...T.................T. 37
T...T.....T....T.T.T..T..T...TT.......T..T......T.......T...T...T.......T..........T..T..T.T.....T..T..TT.T...T.........T.............T...T......T.....T........T....T.........T.....T..........T....T....T...........T..... 42
.T......T..T..T.....T.....T.....T................TTT.T.........................T..T.......T.......TT.TT...T..T..T.T..T....T.......T.T..T..T............T.....T......T..T.......T..T.......TT.T...T.TT.T...........T.T....... 30
..TT..T......T.........T.......T.T.......T..T...T..T...T.....T....T....T.T.T...T.......T...T...................T...T.T.T.T.....T................T.....T....T.....T.T....T.T........T.T..TT.............T.........T......T.T. 45
....T..T........T...T..T................T...TT............T........TT...T................................T.........T....T....TT....T.T.....T.......T........T...T.T..T........T....T.......T......T......................... 33
.T........T...TTT.........T.T........TT.T....................TT..T...........TTT..T............T..T.T....T....T........TT...T..T.T........T......T...T..TTT........T...T..............T.T........T..T....T..............T..T 37
...T...T.T.T.......T....T..T.T...T...T.....T..T.T...T.....T.T...T......T...T........T.T..T.T...T...T..T...T....T.T............T.T..T...TT..TT..................T..T...T.T...TT..T.......T.....T....T....T......T.T..T....... 54
7 1 5 0 6 3 4 5 3 5 1 4 6 2 5 4 3 5 4 4 5 3 2 3 2 2 5 3 5 3 6 3 4 3 6 1 6 3 4 4 4 4 4 4 2 3 4 4 2 7 2 6 3 2 1 0 1 1 3 7 1 6 3 3 3 4 4 4 4 3 5 0 6 2 5 3 2 3 3 2 3 2 6 2 4 1 5 5 4 2 5 3 5 1 4 2 4 5 4 4 2 4 4 3 4 5 3 5 2 5 4 4 4 3 6 3 3 3 5 2 5 3 6 3 3 5 4 5 1 6 3 5 5 2 7 2 7 1 4 3 2 3 2 2 7 1 2 5 1 6 3 3 2 4 4 4 2 4 5 2 4 5 2 7 1 7 1 5 4 1 3 4 4 1 4 3 6 1 6 1 6 0 8 1 7 3 6 3 5 1 5 3 3 6 2 5 4 4 3 5 3 5 0 6 1 4 2 5 1 2 6 2 5 2 2 4 3 4 3 6 
