20 120
T..T...T...T.....T.T...T....TT.T....T.......T.T..T...T..T.T..T.....TT..T..T...T..T....T.T.T..T.T......T...T..T......T.T. 33
....T.....T...T..T....T...T......T.T..T..T......T..........T...............................TT........T..T......T........ 18
........T...T.......T..........................T..T...T........T.T.T.......T.........T......T...T.T...............TT.... 23
T..............T..T..T..T.T.....T...T.....T...........TT..T.T........TT..T.......TTT.......T..T.........T.T..T.........T 21
..T....T..T....T.T.T.........T..T...T.T.....T..T...T.........T...TT.........T.T.....T...T........T....T..T.....T...T.... 23
..TT.T.T..............TT..T......T...T...T.T....T........T..T......T.T.....T.....T....T.T......T...T..T...T.......T....T 24
T..........T.T....T.............................T..T................T...T..T..T.T......T..T......T...............T...... 17
.......T.T..T........T......T.....T.............T.......TT..............T.......T...........T....T.T............T..TT... 20
.............T..T.......T.........TT....T.....T.............T..T......T...T...T....T.........T...T.....T..TT.T....T....T 23
..T...T....T...T.TT.TTT..T....T......T.T................TT..T..T.T........T..T...TT..T..T..T..TT.............T.......T.. 16
T...TT.T...T............T....T.T....T................T...........T..T...TT......................T.T...................T. 25
.......T.....T........T....T..T.T............T..........T.T...T.T...T.......T..T..T..T..............T.....T....T.T.T.... 19
....T............T...T............T.T........T..T....................T..T......T.T........T...T..........T..T..........T 20
......T.T.T..TT......T.T........T.T.......T......T...T....TT...........T....T....T................T..............TTT...T 19
..T...T.............T....T...T.T.................T.T...T......T..T.T.........T.....T.TTT...T..T...TT...T..T..T.......... 28
................T.....T....TT.........T........T.....T..T...T.............T.....TT......................TT.......TT.T... 14
..........T.T..................T.T.TT.T.....T..T..T....T..T...T........T.T...T.....T..T..T.......T...T..T.....T..T....T. 24
....T.TT......T...T..T..T...............TT...........T..T....T................T....T.......................T.....T...... 17
.TT..T.......T...T..TT.......T.T.....TT..T...T.......T...T...T.TT.....T.....T...T..........TT.T.....T....T..T..T....T... 24
.T.......T.T............T.T.......T......T...T.TT...T..T...T........T.....T...T.......T..T...T..T.T...T........T....T.T. 29
2 5 2 5 4 4 3 6 2 4 2 6 1 7 2 3 3 5 3 3 6 4 6 2 5 1 5 4 4 1 6 1 7 2 6 2 3 6 3 3 3 2 4 1 4 5 4 2 6 2 2 3 3 5 2 7 1 7 2 6 3 2 7 3 1 5 1 4 4 3 3 4 3 6 3 3 6 2 5 3 4 4 3 6 2 3 4 4 4 3 5 2 5 1 4 6 2 5 4 2 4 3 4 3 3 2 3 4 4 3 4 2 5 3 6 3 4 4 5 4 
