20 60
.T...T.T.T.T......TT......T..T.T.T.T...T..T.T...TT......T... 19
TT.....T..............T..T.....T...T.....TT......T..T...T.TT 6
....T.........T......T..T.....T..............T.T............ 19
...T.....T..T...TT.......T.T...TT....TT........T...TT..T.... 7
.TT...T.......TT.....T......TT.......T...T..........T....... 11
...........T.........T..T..................T.T..T......T..T. 13
.T..T.......T....T.......T...T...TTT...T..T.T...T..........T 8
....TT.T........T...TT........T........T.....T...T.T...TT... 16
.........T.......T......TT......T.........T.T....T.......T.T 8
T......T......T..........T...........T...T.........T..T..... 13
.....T...T....T......T..T..T.T....T.T.......T........T...... 8
..T........TT.......T..........TT.......T.T......T...T.T.... 12
.................T....T..T....T...T...........T..TT.....T..T 9
T...T..TT..T..T.T................T....T..T....T.....TT....T. 14
...T..............T..T..T...T......T.T.T...TT............... 12
.T..T..T..T................T........T...........T...T..T.T.. 10
...........T....T....T...T....T..T...T...........T.......... 8
.......T.....T.............T.T.T.T..T.T...T.....TT....T....T 16
T.......TT....T...T.TT..TT............T.....T...T...T....... 5
......T..T......T...T...T..T....T...T.....T..T.T....T.....TT 18
5 4 4 1 2 3 4 5 4 4 4 5 2 4 2 5 1 5 3 2 7 3 2 6 1 7 3 4 4 4 5 4 4 4 4 5 3 3 5 4 2 6 3 5 3 7 2 6 3 4 5 4 4 3 6 2 3 4 3 6 
