20 250
....T.....T........T...TT.....T..T.T.TT..T....T..T.T....T....T...TT...........T.......T.....T.T.....T.............T.....T.......T...T.......TT..T.T.....T...T....TTT.T.T.T......T....T.T.T.T.........T.T..T........T.T................TT....T............. 51
T.T...T......T......T.........................................T......TT..T..T...T........TT..T...........T...T.T.....T.....T............T..........T......T.............T...T...............TT...............T...T.....T...T....T.T.........T..T......T... 46
.T.T................T...........T......T..T.........T...T..T.T.T........T..........T............T...T.T..........T......T...............T........T....T..T....T..T..T......T...T..T.TT.T.....T...T.....TT.....T...T...T...T.T...T........T..T......T...... 33
.......T..T........................T.T............T.......T...T....T...T.T......TT..T.....T.TT...........T.......T..............T.........T......T..T..T...............T.................T...T....T.....T........T.......T.T.........T......T....T.T.T.... 41
.TT......T....T.........T.....T.....T.......T.T..T...T.....T.........T......T...........T....T.....T.T....TT..T..T..TT.......T...........T...T..T..T......T..T.T......T..T............T.......T.....TT....TT....T...T....T.....T........T.T.........T..... 43
....T.....T..T...........T....T.T......T.TT...T.T..T........T.T..T..T....T....T.T..T............................TT....T...T...T.TT.......T..T...............T..T...T.T...T.....T..T..T....T...........T..T.......T...T.T......TT.T......T....T......T..... 46
...T.......T...........T...........T....T.T......T.....T...T.........T................TT.....T..T..T...T.....T............T.T.........T......T..............T..............T.T..T...TT..T..TT.......T.......T.T......T....T.....T................T....T... 43
T.....TT..T..T............T....T...T.T.....T........T....................T....TTTT.T..........T...T..T..T.T.T...T.T......T...T.....T..T..............TT..T.....T..T....T......T.......T..T...................T..T..............T......T.T....T.......T.T.. 40
T.T...T....T.......................TT...T...T........T......T.T........T.....T......T....T...T.............T..T.......T.....T..T..........T..T.....T..T.....T....TT.T........T.................T....T....T........T..........T............TTT............. 36
.....T...................TT.T..........T.........T...T..................T..T.............T..T..TT......T.......TTT.....T.....TT....T........T...T.......T...T.....................................T....T..............T.........T........T......T....T.... 39
....T.T..T................T......T.......T....................T.T...............T..T...T.....T.....T.................TTT.T.T.........T.T...........T..........T.T..T...........TT...............T...T...............T......TT.........T.T.T....T.......T.. 37
..T.....................T.......T..T..T....T......T.......T..T........T..T..T..T........................T................................T.......T.....TT......................................T.......TT...T.T.T..T....T......T...T.......T...T.......... 36
.......T...T.T.....................T.T..T........T..T..T........T..........T......T..T..T..T.T.......T.........T..T.T........T..............T........T....T.....T..T..T......T...T...T...T..........T..T............TT.....T...T......TT...T.............. 35
T.......T............................T..T...........TT.....T.........T....TT..........T..T....T.....T..TT........T....T.T..T...........T................T....T......T.........T...TT......TT.......T............T.......T.......T..T......T...T..T........ 30
.T....T.T.T..........T..................................T.....TT.T....T..T...T......T..T...............T.T...T..T........T..T........T..............T.T.T..T......T..T........T....T.T........TT..T........T..T....T....T..T....T..T........T............. 48
........T.........................T...T..T.T..T...T....T........T..............T..TT...T.TT....T..T........T.....T..T............T.......................T....T..T.......T....T..T.......TT...........T.T..TT....T...TT.............T.T....TT...TT........ 34
............................T......T........T..........................T...T.T..T..T......T..........T......T.......T..T.T..............T......T.T.T...T.......T.....T...TT.........T.....................T....T..T.........T..T........T....T............ 36
.T........T..........................T....T...T.......T..........T......T.....................T........T........T.........T.....................T.......T..T....T..T..T......T.T.T....T......T.....T.T...T...T...T......T........TT.T....T..........T.T... 35
...........T.......T...........T...........T........T.T..T........T.T.....................T....TT.T..T.T.......T...T.T......T..........T.............T...T.....TT..T......T................T...........T...T.............TTT......T....T...T...T.......T.. 32
.TT.....T......T......T.........T.T..T.T.....T...T...T....T..T.T......T.T.T....T..............T...........T.T........T..T..............T...T...TT........T....T........T.T...T..T....T...T.....T.T.T......T.....T..T...T.T....T.T.....T......T...T..T..... 55
9 0 4 4 2 2 2 4 3 5 3 6 2 3 0 0 1 0 2 1 1 2 0 3 2 2 2 1 2 0 1 3 4 3 3 6 3 5 4 5 4 2 6 2 6 3 2 1 3 3 2 6 1 5 2 4 0 5 2 2 5 3 6 3 4 1 4 1 2 4 1 8 0 8 1 5 2 2 5 3 7 1 6 0 6 1 3 4 2 5 3 5 2 7 3 5 1 3 2 2 3 4 5 2 4 5 3 3 4 2 4 2 6 1 6 3 5 3 5 2 6 2 4 5 2 2 3 1 2 1 3 2 1 1 1 4 6 2 2 3 2 3 0 3 2 4 3 4 2 6 1 6 2 5 4 4 2 6 2 7 1 6 3 4 4 4 5 2 5 2 4 1 3 4 3 4 3 5 2 4 3 2 6 1 4 3 5 3 2 4 2 4 1 2 5 0 7 1 5 3 6 2 5 0 5 4 3 4 3 5 3 4 4 4 3 5 3 3 3 3 4 5 1 7 2 5 3 3 3 2 4 4 4 4 5 3 4 4 4 2 5 3 2 4 1 0 7 1 1 0 
