20 80
.T.......T....TT..T....T....TT.T....T..TT.T...T...T.T.T....T.T..TT...T...T.T...T 22
....T..T....T.........T...T...T...T..T..............................T........T.. 13
.TT..T.....T......T.T......T........T.....T.TT........T...T.............T.T...T. 15
....T...T..T.TT.....T..T.......TT.....T........T...T.....T...................... 12
T...T...TT.........T..............T......T...T.T........T.T..T......T....T...... 17
.......T.........T..T.T..T...T........T.T..TT.........T..T....TT............T... 13
T......T..T...T.............T.TT...T..........T..T..T............T.....T..T...T. 19
..TT......T...T...T......T......T...T.......T....T..T.....T.T...T..T.....T.....T 9
...T.......T.......T...T....T..T....T..T..T.......................T.........T... 17
....T..T..T................T..T...T........T...........T.T.TTT.......T..T....... 13
..............T..T..T.T..T.....T...T..T.....T..T....T..T...T.......T......T.TT.. 12
.T..T.T......T....T.....T.......T......T...T.................T...T..T...T....... 17
..T....T.......T...T..........T.....T........T...T..............T.T.T...T......T 13
.T...T.....T.T........T.T..T.....TT.......T...T.....T.T..T................T..... 16
....T..T......T..T.T........T........T..........T.T....T....T..T...T..T...T..... 13
....T.....T..........TT...T..T...T.....T.T....T...T.......T.......T...T.T......T 18
........T........T.T....T.T....T..T....T...T.......T......T..T..........T.T..... 11
...T..T.....T...T...........TT...............T...T...T...........T...T........T. 21
.T.T.T.TT.....T.......T.........T....T....T...........T...T.......TT...TTT.....T 10
..T........T...TT.T.....TT...T.....T...T.T.T..TTT..T....T......TT........T.T...T 24
3 6 3 4 4 5 3 5 3 4 3 4 4 4 4 4 2 6 3 7 3 3 4 4 1 7 1 8 1 4 6 2 6 4 4 4 4 3 5 3 4 4 3 6 3 4 4 5 1 6 1 1 7 1 4 6 2 5 3 4 3 4 4 1 5 3 5 2 6 2 4 3 3 3 5 4 4 3 6 3 
