20 180
.....TT...T....T.T.T.T.....T...TT.......T.....T..T.....T...T..T.T.....TT....T...T.T.T....T.........T...T....T.........T....T.T.......T..T...T.T.....T.T...TTT....T..T........T...T.. 50
.TT......T........T......T.....T...T...............T....T...........T................T..T........T.......TTT.....TTTT....T.........T...T.TT......T......T.............T..T.T..T....T 21
...T.T....T..T..T..........T.....T.T..T...T.T..........................T.........T..T.........T..T.T..TT......T.......T...........T.T............T...T................T...........T. 36
........T.....T.T...........T............T....T.T..T.TT..T....T.T..T........T...T.T.TT...TT.......T.......T.T..............T.TT.T....T.....T.T....T..T..T.......T.T.T...T..T....T... 32
T........T...T......T....T.....TT....T.T..T...T............T.T...T...T.T.T...........T........T................T.....T...T...................T..T..TT.T......TT..T..............T... 35
T...T.......T.....T..T.T...........T............T..............T...T..........T...T.....TT......T...T....T....T...T...T...T..T.T...T....T...T...............T.......T.T...T.T..T...T 28
....T..T.........T......T.....T...T.....T.......T.....T..T.T...........T..T.T..T...T.T.T..T.T..............T.T........T.T..T...........T......T........T........T.T...............T. 40
..............T...T.........T...T......T..T..T..............T..T................T.T.............T.T..........TT..T.T......T...T..T..T....TT.....TT.......T......T...T.T.T.T....T..T. 32
.T.T..TT..T.T..T...........T.......T.T.........T.......TTT............T..............TT......T.T.....T.T....T........T............TT.T.......TT.......TT...............T....T...T... 37
.T..............T..........T..T...........TTT.T..T...T...T......T.TTT....T....T..........T......T...T....T........T.......T.T.T.........T.T.........TT...T..T..T.T.T....T........... 27
T...T.T.T...T.T..........T......T.........T....T...T...T.....T..T..........TTT...T.........T...T............T...T.T.....T...T....T.T.T.........T..............................T...T. 39
.T.........T...T...T..........T......TT........T..........T....T.T..TT..T..T..T.TT..T...................T......T....T.........T.T...T..TT...T.....T.T...T...T..T.T.....T.T......T... 30
T.T.....T........TT...TT.....T..TT..T....T....T......T.....T.............T.................T.T...T...T..........TT..T...T.....T....T..........TT..........T.......T.T.T............. 36
.T...T.........T...T......T...T...T.......T..T.TT.......T..T.T.....T....T...............TT................T...T........T...T........T....T....T....T...TT...T......T.T....TTT...T... 30
T.T....T...T.T...T..T..T.T.T....T......T................T.......T.....T...T.T.T...T...T....T.....T......T.....T.T..T.......T..T......TT...........TT...T.....T...T.................T 38
........T.T.........T........T......T....T.......T...T..........T..........T.......T...T...T..T......T......T.......TT..TTTT..............T....T...T.......T...T........T..TT..T...T 31
................TT.....T.T.T.....T........T......T.......T...T...T.T.T.T.TT...........T..T...T.....T..TT............T........T.....T......T.TT.T..........T.T.....T.T............TT. 35
T..TT...T....T............T..T..T..T.T.T....T..T..T...T.....T................T..T.........T.T.........T.T...........T.T......T........T.......T......T...T.T....T.....T.......T..... 28
........T.T..T..T.T..T..T...T...T.........T..........T.T......T.T..T..T.....T.....T....TT.......T..T..T...T.T..TT....................TT.T..........T.T........T..T......TT..T.TT.... 33
.T....T.T..........TT........T..........T.....T.....T...T.T......T...T....T..T....TT...T.......T.T..........T........TT..TT...T.T........T.T...TT......T...........T...T.T........T. 46
7 3 6 3 4 4 1 8 1 6 1 7 0 6 3 3 4 5 4 5 4 3 3 2 3 1 8 0 9 0 7 3 3 5 4 4 5 2 3 3 4 2 7 2 2 6 3 5 4 3 4 1 3 3 2 5 2 6 3 4 2 6 3 4 6 4 1 7 2 2 6 2 5 5 3 2 4 5 4 2 7 3 5 3 4 5 4 2 6 2 6 2 4 1 7 1 7 2 3 3 2 5 3 2 6 2 3 5 4 4 5 0 6 2 4 5 3 5 2 5 4 4 5 5 4 4 4 3 4 2 4 2 7 2 6 3 4 5 2 6 2 6 4 3 6 3 4 4 4 2 7 2 5 4 3 4 2 6 2 3 6 3 5 3 5 2 5 4 4 4 4 2 4 4 2 5 4 4 3 6 
