20 190
T.....T..T...T...TT...T...T....T....T...T.....T..T...T.T..T...T..T......T..T..T..T.....T...T.....TT.T.T.T......TTT....T.T....T...T......TT..............TT..TT........T...T..T.T.T.TT...T.T... 48
.....T......T.T.........T....TT..TT......T..T.........TT.....T...T...T.....T........T..T.............T.T......T........T..T............T..T.T.......T.T..........TT...................T......T 31
.................T...T...T....T....TT.T.........T....T................T....T.T............TT..TT..T.........T.......T......T.........................T...T......T....T........T...T........... 35
.T......T.....T....T.T.....T............T......T...........T..T..T.T...T...........T..T..................T..................T...............TT.....T..T.......T.....T.T...T.T..........T..T..T 26
.....T...T.....T........TT.T..T........T........T.....T......T.....T..T.T.T.....T..TT.T...........TT....T...T.T..T.T...T................T.T..........T.......T.....T............T...TT....T.T. 35
.T..T..T...T.....T..TT..T....T.T...T.....T.T............TT........T..........TT...T.............T....T.T.....T...........T.T....TT.....TT.......T.T.....T.....T....T.........T..............TT 37
.......T...............T.............T......T..........T.......T.....T.T..TT.........T...T..T...T......TT.T..........T.............T................T....TT.....T......T...T.......T.....T.... 34
.....T.......T..T..T.........T.......T.........T...........T..TT..T..T.TT....T........T......T.T..TT..T.....T.TT.......TTT..T...T...T.T.T..T......T.T...T...T.T.T...........T..T...TT..T...... 32
......T..T.TT.T.........T.T..T..T..................T.................T.....T....T...............T...T........T....T.TT.............T......T..T..T.T........................T.T..T....T.T.T...T 30
..............T.T...T..................T...T.T....T..T..T..T..T................T..TT..T............T......T.......T...T.....................T...........T..T...T.......T.........T....T...T... 32
....T......T.......T......T........T.....................T.T...T....T.....T.................T.T......T.....TT..T..............T.T..T...T..T...........T.....T.......T.......T...T......T...... 35
....T...T..............TT...T.T.T.T........T......T................T...T....T.T.....T..........T...............T.........T.....T.........T.T..T.T..T....T.T..T..........T..........T..T.T....T 21
............TT.T..T......T..T.....T......T...T.T..T......T.......T....T........T..T................T...............T.........T......T.........T....T...T..T..................T..T............T 37
.......T..........T..T........T.........T.T..........T......TT.T...........T.....T.......T.TTT......T....TT...........T.T.T................T....T...T...T..T..T............................... 25
.....TT..T...T......T..........TT.................TTT...T..T........T........T.T........T..T.T..T............T.....T..T.........T..................T.........T...........T.....T..........T... 23
....T...T..........T.............T.........T..T...........T.T......................T.....................TT.T............T...T.T.T.....T.......T..TT...T.T...........T.......T....T..........T 31
..T.....T...T...T......T....T.T.....T.....T.......TT......T....T............T...T......T...T.....T..T.....T.........T...T..T.T.............T....T......T..................T.T.T.T.T........... 21
.T....T.......T....TT....T.T...T...T...........T.......T.....T...T....T...............................T...............T...T........T............T........T...TT.T........................T.... 41
.........T.T....T......TT...T............T..T...........T.......T......T......T.........T.......T...T........TT.....T..T....T..T.............T.T............T........T....T.......T....TT.T..T 20
.T..T....T.T.T........T.......T....TTT...T....T.TT.TT.T.T.T...T...........T......TT.....T.T....T.T...T.T.T...T......T...T.....T.T.T...............T.TT..TT........T.T.......T.T.T.T..T........ 50
5 0 0 3 0 7 3 5 4 5 4 2 2 2 7 2 6 2 6 3 2 7 1 6 3 5 3 2 6 3 5 5 5 1 3 3 4 3 4 2 3 1 5 4 4 3 3 1 4 5 1 3 4 5 3 4 4 4 2 7 2 5 3 3 4 3 4 3 2 4 5 3 2 1 2 4 4 5 3 5 4 3 5 3 2 3 2 3 3 2 2 4 5 1 4 2 6 3 4 4 6 3 4 3 1 6 3 4 4 5 5 2 2 2 1 6 1 7 2 5 3 4 3 4 3 4 2 3 5 2 2 1 4 1 3 2 3 3 3 2 7 1 4 3 3 4 2 7 2 4 3 7 2 4 5 4 5 2 7 0 1 4 1 2 1 5 1 3 2 1 6 2 3 4 5 4 5 4 2 3 4 1 4 4 3 4 5 3 4 5 
