20 90
....T....T.....TT.T......T...T.T...TTT..T...T.....T..T.T....T...T...T.T...T.T.......T.T... 23
.T.T.T.T..T.T.......T......T..T.......T......T....TT...........T...T............TT......TT 19
T...T...T......T..T.....TT...............T...T.........T.T.T..T..T..T...........T.....T.T. 17
.........T.......T...............TT......T..............T...T..........T..T..T.....T...... 14
...T..........T...T....T..TT....T.T..T..........T.T..T...TT........T........T.....T....... 18
........T.T......T...T...........T........T......TT...T....T..T..T........T....TT..T..T... 14
T.T........T...T.........T..T.....T...........T.......T.............T..T................T. 16
.....T..........TTT...T.....T........T...T.....T...T.....T.T...T.......T...T.T....TT.T.T.. 16
...T.....T.T..T..........TT....T........T...T.T.T......T.T..T.....T.......TT..T..........T 17
T...T.....TT........T........T..TT..T...T..T.......TT...........................T......... 19
.....T.........T..T...T..T.T.....T.T.............T.........T..T..TTT..T..T.T...........T.. 14
....T..T...T....TT.....T.....T...........T...T..........T.......T....T...............T...T 14
T..T..........T...........T........TT....T.TT....T.....T..T....T..T.....TT...T..T.....T... 17
........T.........T.T.............TT....T.........T..T...T.....T...T...................T.. 12
......TTT............T.T..T.T..............T...............TT.......T.T.T....T.........T.T 18
.T...............T.T...........TT....T......T.T.T..T.T...........T............T........... 17
TT..........T........TT.......T......T.T...T....T......TT.....T.........T.T..T.......T...T 15
..T..T....T.............T..T...T..........T............T...T.T...T.T..T....T............T. 17
..........T..T.T......TT...T......T.T.T...........T.T.T..T.....T......T..T...............T 13
.T.T.T.T....T.....T..T...T..T...T...T....T....T....T.T.....T..T........T....T......T..T.T. 25
5 3 3 7 2 4 3 5 1 6 2 5 1 4 4 2 3 5 4 5 4 4 2 3 6 2 6 3 4 3 3 6 1 8 2 6 2 3 5 2 5 4 5 3 2 4 2 5 3 3 5 5 3 4 3 7 2 7 1 7 0 7 2 6 3 3 4 5 3 3 4 3 5 3 4 2 6 1 5 2 3 3 2 3 2 5 3 6 1 7 
