20 190
T..........T...T..T..T.TT.....T............T...T...T...TT.T...T...T........T.....T.T...........T.T..TT..........T.............T...T..T...T.T...T.....T...T..T...T......T....T.....T..T..T....T 49
.T..T........T..............T....T....TT.....T....TT.T.T.......T...T..T...T.T...T.T.....T.T.TTT......................T..T..T....T..T.................TT.T.T..T....T.......................T..T 22
................T....T.T..T....T..T............T.........T...T...........T....T.....T.T..T............T............T..T.............T.....T...T..TTT.....T......TT..T.................T....T.. 33
....T..T.....T.....T......T..T......T..T.......T..............T..TT......T...T......T..............T......T.....T.T..T.T..T.T..T.......................T.................T.........T...T...... 32
T....T....T...T..T....T.T...T...T.........T.................T............T.....T.T............T.T.T..T..T......T.T....T.........TT.........T............T..T........T.............T........T.. 29
..T......T............................TT..T.......T....T.T...TTT.......T......T.....................T.T...T.........................T....T......T...T.T..........T.....T.................T.... 21
T......................T....T......T..........T..T...T......T.............T..T..T.T........T.T.T...................T.T.T..T..T.T...T..T.......................TT....T.T.T........T.T....T...T. 36
....T....T..T..T...........T......T.T.T..T....T..........T.............T.........T.............T.........TT.......T..T.......T...T..T............T..T..TT...T.T...T.................T...T..... 21
........T...T........T..T...T..........T.....T.T...T...TT.....T..T.T......T........T.............T.T.............T..........T...............T..T......T..T....T..........T........T.........T. 37
.T............T.....T...............T.T.........TT...T........T..T........T...TT............TT................T......T....TT..............T.TT.......T.......T....TT............T............. 24
........T.TTT............T....T..T.T........TT...........T..T.T.......TT.........T.............T...T................T...T..T..T................T.T........T.......T.....T.............T...T... 31
....T.....T...T................T.T..T...T.......T.T....T..T......T.TT.....T..........................T............TT.........TT.T......................T......T..............T......T....T..T. 27
.T.......T............T..T.T.T....T.T...T.........T.T..T...............T.T...T..T.........T..T..T...........T..........T.......T.............TT..TT..T.....TT..T.T....T..TT.........T......... 34
....T........TT...........T.............................T.T...T......T...T.T.............T.T...T..T......................TT.....T........T.T........T.T.......T......T..................T.T..T 28
T.......T..T...............T....T....T...TT..T..T......T....TT..T..T......T..T.TT.T.................TT...........T.T.TT.......T......T....T.............T..........T...T..........T.T......... 25
T....T.......T.........T.........T.T............T.T..T.....T................T....T.T.......T...T.T......T....T.............T............T.....T...T.............T......TT................T.... 36
..T........T..T.......................T..T....T.........T.............T.TT..............T..T....T..T................TT..T....T...T..................T....T.....T....T.T..T.T......T...T.....T. 24
T.............TT....T....TT.T.....T.........T..........................T......T..T....T...........T.............T.......T.....T...T.....T.......T..T...T..T.....T...........T........T....TT.. 30
.......T....T....T......T..TT.....T......................T..TT.T...TT....TT...TT.....T........T......T......T....................T.......................................T........T.....T..T.T 25
T.T...T...T...................T.....T......T.TT..T.TT..T......T.....T.T............T........T..T...T...T...T....T..T..T...TT..T..........T.....T.T...TT.T.....T....T.T.T....T.........T..T.... 43
3 7 1 3 0 7 1 2 4 2 4 4 4 4 4 2 3 1 3 0 4 1 5 0 8 1 5 2 3 6 0 4 1 6 4 2 4 4 5 4 3 2 5 2 3 3 5 2 5 1 5 3 4 3 5 4 4 4 4 3 4 6 3 3 4 3 2 3 4 2 3 4 5 4 5 4 4 4 5 3 6 2 6 2 2 3 1 1 1 0 4 2 5 3 6 1 8 0 8 1 7 1 2 4 1 1 2 0 2 2 0 2 1 7 1 4 5 5 3 5 4 2 4 4 4 3 6 2 2 7 2 2 3 1 2 2 2 5 1 3 2 0 4 0 5 4 5 2 6 3 4 4 4 6 3 2 3 4 2 8 1 6 2 5 3 2 1 4 3 6 0 5 0 0 1 0 1 1 4 2 5 4 3 3 5 2 7 2 4 3 
