20 210
T.......T...T...T..T....T......T....T.T..T..........TT....T..T...T....T.....T........T.......T.T.....T....T.T.T...T.....T..T....TT...........T.............TT.....T....T..T.T...T......T.........T.......T...T.... 51
......TT...T.............T.T.T.....T.T.....T.T...T...T...............T....TT....T......T.......TT..T.....T.....T.T.............T.....T..T.T...T.T..T.T.T....T.............TT....T..T...........TT....T..TT.......T 31
.T.T....T.T.T........T..T....T....T....T..T...T..............T........T..T.T.........T............T.T..T.....T.T.....TT...T.....T........T...............T.T....TT....T.T....T......TT......TT.................... 39
T.......T..T.TT..........TT.........T...........T.......T..........T.............T.....T......T.........T..T..T...T..........T.....T...T......T..T....T..........T................T.T........T.....T..T....T...... 30
...T.T..T......T....T.T........T...T.T....TT.......T.................................T....TT.........T.T......T...T...T.........T.T...T....T.......T.......T.TT...T.T...T...T.T...T...T..T.........T..T........... 35
T.....T...T..T..............T.T..T..........T...T....T........T............T.TTT.T.....T...............T.......T........T...........T........T.T.......TT......TT.....T.........T...............T.......T......... 39
..T......T..T...........T....T.T....T..T.......T...T.T.......T.......T.T.T..............T.......T.T.....T..T.T...T....TT......T..........T....T...T.T....T...TT..............T......T.....T...T......TT.......T... 33
T......T.....T..TT.T...T....T.........T...T........T...T...............T.....T.T...T......T....T...TT...........T...T....TTT....T.T.T..T...T.......T.T.............T......T..T........TT..TT.....T..T..........T.T 43
........................T...T..T..T......TT.........T.........................T................T...T.....T............T.T...T.....T...T........T....T...T..T.T..T..T........................T.TT.................. 33
..............T......T.............T...T.T......T..T...............TT...T.......T........T.............T.T.T...T..............T...T......T...T...T.T..T.....TT...T.T...........T........T.........T.TT..T.T....T.T 31
.T......T.T................T.....T....T...T....T..T.....T.T.T...T..........T...............T...T.T............TT..T..T...T....................T...T..................T..................T.T....................... 32
.......T................T.....T..........T............T....T.........T..T.T.....TT.................TT.....T..T............TT............T...T..TT...T.T...................T.................T..T..T....T.......... 29
..........T..T...T.T.TT.T.........T.T..............T....T.......T.....T...T..T........T..........T....T............T......T....T.T.TTT........TT..T......TTT..T....T...........T........T......................... 30
...........................T..T...T....T.........T....T...T.........T.......T...T.T...........T...T...T....T...........T........T..T...T.T.T....................T.....T..T....T..T.....T.............T.T.......... 32
.....T..T.....T..........T...T.....................T.....T.T...T.T......T.....T.T.......T...T.......T.....T.T..T.T......T.............................T.....T.T...T...T.........T......T...T....T.T....T.T........ 35
..T............T.......T......T........T.........T...........TT....T......T...........T..T......TT............T.T...........TT......T....TT..T..........T.....T.....T...T..T........................T............T 33
T....T..TT..T.T......T........T...T..T..........T....T..........T....T.TT....T....TT...........T.....T...T.T....................T.........T...T....T.T.T.....T..T......T.........T........T..........T............ 27
.....TT..........T......TT.....T.T.........T..T..T..........T...................T.....T...T......T.T.........T...............T.....T..T..............T..T...........T.....T...T.....T..........T.T.T............T. 37
T...T.......T...T....T..T................TT........T..T............TT...T..T.....T.T.TT.T..T.T...T...........T...T....T...T.......T...T.T.T.....T...TT....T.....T.T.....T..T.T.........T......T..T..........T..... 24
...T.....T..T.........T..T.T......T.T..........T........TT....T..T...TT.....T.T......T...T....T.T......TT...T........T.....T..T.....T.......TT...........T..T..........T....T...TT..................T......T.T.... 50
6 2 4 1 3 3 2 8 1 4 3 5 2 6 4 4 3 0 2 0 3 6 2 5 4 4 3 5 3 3 4 5 2 5 4 4 3 3 4 2 5 3 3 3 2 1 3 1 6 3 4 5 1 7 2 5 0 2 1 4 2 3 4 1 2 4 2 2 6 2 5 4 1 6 3 3 4 4 4 5 3 4 3 2 4 2 3 4 2 2 3 4 1 4 4 3 5 4 5 3 6 1 5 2 3 5 2 5 4 5 4 4 4 4 1 5 1 4 3 1 6 2 4 1 4 3 3 5 4 4 4 4 5 0 7 2 3 6 1 3 5 0 10 0 6 1 5 3 6 2 5 4 4 3 7 1 7 3 6 2 4 2 3 4 5 2 4 3 1 6 0 6 2 2 7 2 2 4 2 3 2 1 3 3 4 4 2 1 4 0 3 4 3 3 6 2 4 5 4 2 3 1 2 2 3 1 1 3 0 4 
