20 130
...T.T.T.T......T...TT....T...T.T....TT....T...T.....T...T..T..T....T.......T.....TT.T....T...TT........T..........TT....T......T. 31
T.........T...T..........T........T.......T.........T.......T..T.........................T......T.T..T.T..T.....T.....T.......T... 19
.T...........T.T.T..T...........T..T....TT........T....T.......T......T........T...........T............T..........T......T.TT.... 19
TT.T....T.TT...........T.T...T....T...T............T.........T........T....T..T...........T...T.T.TT...T..T....................... 19
.......T.TT.....TT.....T.................T............T..T....T.................T....T....TT.T................T..T........T....T.. 21
.....T.....T..T.T..T...TT.T....T..T..............T............................T..........T..T.....T....T...............T.......... 20
.T.T.........T...T...........TT....T.T..T.....T.T...T...T................TT......T........T..........T...T..........T.......TT.... 15
....T..T......T....TT.........T........T...T.T........T.....T............................T...T..T....T.....T..T...TT.............. 28
..T...T........T.........T.T......T..T....T.T....T.....TT......T...T.T..T.................T......T..TT...T.........T....T......... 15
..........T........T.T..........T..T..........T..................T........T..T.....T.T..................T....T........T...T....... 23
T........T................TT.T.......T..T.T.........TT.................................T.........T.......T.T..................T... 21
...T..T..T.T.T..T.T..T.........TT..T.....T................T.........T...T..T.T.T....T........T..T............T..T..T.....T..T.T.TT 17
T...........T.T........T.......T.T..T....T...T..T.T....T.....T....T....T.............T.........T..T..TTT............TT...T........ 28
.T.....T...T.T..TT...T..T..TT.............................T...T....T.....T....T....T.....T......T......TT....T...T......T.....T... 23
T....T...............T.......T......T........TT......TT..T.........TT.............T...T.....T...T.........T..........T....T.....T. 26
.T....TT.T.T.T.T..T.......T.T......T...T..T....TT..............T....T....TT..T............T.....TT..T........T.....T..T.T....T..T. 17
......T.........T.......T......T..T........T......T.......T.T...........T.....T............T..T...T...T..T.......T.T......T..T.... 33
....T.............T..TT....T......T.T..T.....T........T...T........T...T..T.......T.T...T.............T....T.......T..TT.T..T...TT 19
....T....TT.T.............TT..T..T..T.T..TT..T..................T.................T..T.....T...T......T.......T.....T........T.... 21
.TT......T.....T.T...T...T.....T...T........T.T...T......T.T...T...TT...T.T...T....T...T.....T...T....T.T.T........T.....T........ 31
6 3 4 5 3 5 2 5 3 5 3 7 0 9 0 6 4 4 5 3 4 3 6 2 5 3 5 3 5 3 4 6 2 6 1 7 2 4 4 4 5 2 7 2 5 2 2 4 2 2 3 4 4 1 5 1 2 4 2 5 2 3 3 4 2 2 4 2 4 2 3 1 4 4 4 2 0 5 3 3 1 2 1 3 4 2 4 0 7 1 6 0 4 4 5 2 7 1 7 1 5 4 6 1 7 2 7 1 4 3 1 0 3 0 8 1 6 2 4 2 4 3 5 5 2 4 3 3 2 4 
