20 220
T....................................T.T......T...........T....T...T..T..T..T.........T...T.........T...T.T...T........T..TT.......T..T...T..T..............T........T.T...........T..TT...T.T....T.....T................... 49
...T..T.TT....T...T.T.TT.......................T.T.T.T..T........TT.T.......T......T..T....T........TT......T...................TT..T.T..T....TT....T...TT...T........T..T.T...T...........T....T.TTT........T.T......T....T 31
..T.T....T.....T.T.....T..TT.....T......T......T...T...T...........T...T........T...T...T................T...T...T.......TT..............T.........T.........T..T.T.T....TT...T....T...T.T.T............T........T.......... 35
T...T.T........T.......T...T.......TT.................T.......T...............T...T......T......T....................T...T....T........T..T.........T...T....T.......T.....................T...TT...T.........T...T........T 36
.........T......T..TTT......T..T...T.............TT...T......T..T...T..T....T......T....T........T.........T...T...........T.....T..........T....T........TT.....T...T....T.T...T...TT..T................TT....T......T..TT. 37
T.......T.TT..T...............T.................T........T.T............T....T..T.T.T..................T.............T.........T....T......T.....T.......T....T................T..T....T.............T.....T......T......T.. 32
....T..T........T.......T.T....T.T.T.............T....T........T..T...T...T.....T.TT......T.T.............T.T...T.T...............TT.........T....T....T..........T........T...T.T.T.......TT..T...T.....T...T.........T.... 43
........T...T...T..T.T....T...............T...T....T.....T.........T.....T...T.T..............T....T.....................T...T.T.....T.........T...........T.T...T..TT.....T.T...........T.......T...................TT...TT 34
.......T.T..T..........T..........T............T.T....T........T....TT..........T...T..T....T.............T.........T.T....T..TT....T...T.T..T..T.T....T..T........................TT......TT...T...TT....TT......T...TT.... 40
...T...........TT...T..........T.....T.....T.....T.T...........T........T.....T...T.....T......TT......T..T.....T.......TT............TT..T........T.......T..T...........T...T..T..............T..T...........T............ 31
.T......................T........T.TT...T.....T.......T.........TT.T.T.....T..T....T....TT...T..............T......................T...........T..T..T.TT..........T...T.....T.......T..T...T.....................T..T....T. 31
T.T...T......T....T..T..............T...T.T.T......T........T.T.................T..T.........................................T..TT.........T...T...........T.T.....T.T........T.T...T.....TT.T....T.....T.T.T.........T.T..T 41
....TT....T.T.........T..............T..T.T...TT.............T..............T.........T...........T.....TT...T..T.....T...T.T......TTT.T....T....T.......T...........T.....T......T.T...T......T.T..T.T.............T....... 33
T..T....................T....T.....T.............T...T.T..T....T...T..T....T..............T.......T............T........TT...T....T..........T....T........T....T..........TT.................TT..T..T...T..T.....T.T....... 34
......T.T...TT..................T.T...T..T.....T.T...TT........................T...TT..T.............T................T..........T.....T.T...T....T.T..T.......T....T..........TT.T......T.T.........T..T.T..TT.....T......T 39
..TT...TT.............T......T.......T.......T.............T.......T..TT........T.......TT...T........T.........T....TT.....T.....T.....T.......T....T....T.......T.....T............T.T.............T.T.......TT.T......... 36
T.........T...........T.T.T.......T.T.T...........TT....TT....T...T......T...T..T...T...........TT.....................T.T....T.....T......T...........T..T......T...T....T..T.............T..T..T.........T..T......T.T.... 39
..............T.T.............TT.........T.T..T.T...T.......TT...T..T.T.........T..T.T..T..TT..................T..........TT..........T...T.T..T..T........T..................T....T.TT..T......T..T..T...T................. 37
......T..........T.......T......T....T......T..T.T.T.........TT....T..T...........T....T..T....T.........T.........T.T..T.........T.................T..T....T.....T......TT.......T.TT.............T...TT.......T....T...... 25
.T....T.T.T....T.....T.....T.....T....T................TT........T.....T...T....T..T.........T...TT.............T....T.T...T...T.T...TT....T.T..T..T..T....T.....T..T.T.....T..T........T.T..T..T...T........T....T......... 58
5 4 2 5 2 2 7 2 7 1 4 4 3 1 6 2 3 4 3 1 3 2 5 4 3 3 2 3 3 2 3 1 4 3 6 2 6 3 2 3 2 4 2 3 1 4 4 5 2 7 2 6 3 6 3 3 1 4 3 2 2 3 6 3 5 2 5 4 5 4 4 2 5 1 3 4 3 3 4 3 5 4 4 5 1 8 0 8 0 7 2 3 4 1 3 0 4 1 2 4 1 2 1 2 3 1 3 4 1 4 0 5 3 1 2 0 2 2 6 3 4 5 3 4 6 1 5 2 3 4 5 2 6 2 6 2 6 1 5 2 5 4 4 3 4 4 3 5 3 3 3 4 3 5 4 4 3 4 3 1 3 2 6 1 6 2 6 0 4 0 8 1 5 3 4 2 7 1 7 3 4 4 4 3 4 4 4 5 3 4 4 3 5 3 5 4 4 4 5 3 4 4 3 2 5 1 7 1 3 2 1 7 1 4 4 4 0 3 2 6 
