20 250
.....T.........T...T........T...........T...........T.T....T......T..TT..T..TT....T...T..TT.........T......T.T...T..............T.T.....T.T.T.....TT...T.T.T...T..TT..T...T.........T...T.....T.T.TT........TT.......T..T....T.T.T....................T.T. 50
....T.........................T.....T..T.T......T.....T.....T...............................T.T.............T.TT......T...........TT..T........T........T..T...........T...............T.T..T.T.T...T....T.....T........TT.....TT....T..T.............T.T. 43
.T..T...T..T....T.T.T.......TT...T...T.........T.T...T..T.T...........T....T.....TT....T...T..T.T...............T.T.T.........T......T...T.T........................T....T...T......T.............T...T.T........TTT.......T.....T.........T.........T.... 36
...........T...T.T..................T.T......T.....T.....................T.....T....................T....T....T.................T..T.T......T.....T.TT....T.....T.......T..T...T.....................T....T...........T...T....T......T..........T........ 33
......T............T............T.TT......TT..........T......T.....T............T......TT...T..........................................T.............T..T.T.TT.....T......T.T..........T.........T...........T.T....T..T........T...T.T..TT..........T.... 42
.....T........TT..T...........T............................T..T.T...T.T...T.T.T......T..........T........T.......T............T.........T......................T.T.........T.T.T....T.T.T.T............T...........T..................T.......T........... 27
........TTT..........T.........T.T....T.......T..T..TT...........T..........T..T.T.....................T.....T..T...T...........TTT................T..T..T.T.TT........................T...........T...T.......T.T..T......TT..TT.T..T..T....T......T.T.T. 48
...TT..T..T..........T...T.........T....T...T..............T.......T.TTTT.....T.........TT..T..................T.T...TT........T.....................T.................T........................T...T....T..................T.....T....T.T...........T.... 28
.T................T.....T.................TT.T.T..T.T..........T.....T...T................T......T..................T.T........T................T........T...TT....T....T................T.....T..T.......T..TT..........T.....T.....T......T............. 36
.T........T.......TT.............T.T...T...........T..T.TT.T........T......TT.......T.......TTT...T...TT......T...................T......T...........TT.....................T.T...TT......T...T.........T..T....T.T.T.....TT.........................T.... 48
....TT.......T..T.....TT.T........T..TT...T..............T......T...T.........T.......T..T.....................T..T...........TT....T...T.....T.....T.T....T.........T...T....T.T....T..T.......T..TT.T......................T...T.....T.T................ 34
.......T....................................T...T....T.T...TT.T...T....T.T...........T..T..........T.............T..T...T...............T...TT.T...............T.................T...T.....T...T.......T..TT...T.............T.....T...T......T.T........T 48
.......TT...T......T...T.........T...T...TT....T..TT...T.....T.....T......T.T.......T..........T.........................T.......T.......T........TT........TT....T..................................T..T.....T..TT.T.....T...T...T....T..T......TT...T... 28
..............T...T.T..T.T.......T.T.T........T.................T.......T..............TT.T.........T.......T..T......T..T..TTT........T.....T........T.T......T....TT.............T......T..TT...T........T...T................................T......T.. 46
..T.T....T......T..........T...T....T.....T......TT.TT..T...TT.T......T.....T.....T................T.T.T........T....T.......T..................T.....T....T.T....T............T......................TT..............T....T.....T.....T.................. 35
......T......T.....................T..........T.......T..T............T....T..................................................T..T............T..T...........T........T........T........T.....T..TT....T..TT.......T...T......T...TT.T...T....T....T.T.... 31
.....TT.T...T.......T...TT........T.T............T.T...........T.TT....T.T.......T......................T......T..T.T...........T.....T.........T.......TT..T...T.T....T.......T.......TT.TT.......T..........TTTT......T.T......T....T...............T.T. 40
.........T.....T.......T....T........T........T........T...T...TT..T........T.T..T...T.................T.T...T....T...T..T.....T.T..............................T...........T..T..T..T.........T...........T.......T..T............TT..............T...... 38
..T...T.TT..T.T...T..........T....T....T......T...T......T...........T.T.T...T.T............T.........T......T....T..............T..T.T........T..............................T.T...........T..T....T..T..T....T.....T.T.T...T....T...TT................T. 32
...............T................T........T...T...T.T..T.....TT........TT.T.......T.T.T...T....T....T...T.........T....T.T..T.T......T.T.....T..........T..T....TT..T................T...T.T.T.T..T...T.......T..T.T...T...T......T.......T.........T.T...T 59
1 1 2 4 2 3 6 3 6 3 3 4 2 2 1 4 5 2 4 5 3 3 1 2 2 3 3 1 2 2 3 2 2 7 1 6 2 6 2 3 3 3 4 2 4 4 2 5 3 2 6 3 6 3 4 6 2 4 3 2 5 3 5 3 4 3 3 4 4 5 3 5 4 3 6 3 5 2 3 4 1 4 2 3 4 1 5 2 3 5 2 4 3 2 3 2 2 0 2 0 2 4 4 1 4 2 1 0 1 3 4 4 5 2 6 2 6 3 3 2 2 2 0 2 0 3 3 7 2 7 1 5 1 4 0 5 3 2 2 1 4 1 4 2 3 3 2 4 3 3 3 5 4 4 4 4 2 5 2 4 3 4 3 5 0 5 0 5 1 1 0 5 0 4 4 4 2 2 1 4 3 3 4 1 4 5 3 4 2 4 3 5 5 1 7 2 5 3 5 3 2 6 2 3 3 3 5 4 3 6 4 4 2 7 0 4 1 4 5 2 6 1 6 1 5 5 4 6 2 6 2 7 1 4 1 2 2 2 2 1 0 2 2 3 1 6 3 4 2 4 
