20 40
.........TT......TT........T...T........ 8
...T.........T.......T......T.....T..T.T 9
T......T..T...T..T..T...TT...T.....T.T.. 6
....T......T.....T.T...........T...T...T 8
.TT...T.......T.T.....T....T....T.....T. 8
.......TT...T.....T.......T.......T..... 7
.T..T.............T..T.........T.......T 7
.T.........TT....T...TT..TT.T..T....T... 10
......T...T............T...T..TT...T..T. 4
T.....T.T.T...........T................. 11
..............T.T..T....T..........T.T.T 5
...T.......T.....T...............T..T... 6
T...T.....T..T.....T..T....T..T...T..... 11
...TT..T...T.....T.......T.............T 5
T......T..T....T..T....T.T........TT.... 12
......T.T.T......T...T..T...T.T......... 2
..T.T..........T..T...............TT...T 9
............T.......T..T...T.T.......T.. 7
TT..T....T.T.T.T...............TTT.....T 5
.T.....T........T.....TT...T.T.......T.. 13
3 5 3 5 2 4 3 4 5 2 5 3 4 4 5 2 7 2 4 4 4 4 3 4 3 3 7 1 7 1 5 3 3 5 2 6 2 4 4 6 
