20 90
...............T.T.....T.........T..T.T.....T...T..T..T......TT.......T..T........TT...... 18
....TT.T...T.T........T..T.....T....T................T.T.T..T....T..T.......T.T......T..T. 17
.T...........T...T...........T.........T..T..T....T.............T.......T....T.T......T..T 13
...T....T......T........T........T.T........TT.T...T.....T.....T..T..T...............T..T. 18
T.....T...TT.......T.....T.....T........T.T..........T.....T.................T....TT...... 17
.TT..........T.T..T...T...T.T.T.......T..TT.....T..T.T....T......T....T...T....T....T...T. 19
....T.T.............T............T....T.....T.T........T.....T....T......T........T.T...T. 14
..TT......TT.....T.....T.T........T....T........T............T........T...T....T......T... 15
.....T...........T.....T.......T.T.....T.......T.....TT..T......T.T..T...T.......T.T...... 14
.T..................T......T.........T...T...T.....T..T.T...T............T...............T 14
.TT.......T...T...T.TT....................T..T..............T.T......T.T....TT.T..T....... 20
........T.....T.........T.............T.......T.....T.....T......T...TT......T....T..T.... 6
.T.T.T....T.T..T..........T..T..T.T.T..T...T.T..........T.T.T.................T.........T. 27
...T.........T.....T.....T.......T.........T...........T....T..T...T...T..T.....T...T.T... 8
...T..T.....T...T...........T...........T........T....T.TT.........T.T...............T.... 19
.....TT..T..T..T..T............T.......T...T..T................T....T....T......T.......T. 14
T.........T...T.......T.........T...T........T.....T..T....TT....T.T........T..T......T... 11
..T.T..T.T.......T............T...T...T..T.....T..T............T..........T...T...T.T...T. 24
T....T.....T...T...T.....T.........T.TT...T.....T...........T.T.T...........T..T.T....TT.. 7
.T....T...T.T.....T.......T......T.......T...T.......T..TT.........TT.....T.....TT...T.T.. 26
6 3 5 4 4 3 5 2 3 5 1 7 2 5 3 5 4 3 4 3 3 1 3 3 3 5 2 0 3 1 3 3 4 5 0 6 2 4 6 3 4 3 5 3 4 4 4 2 4 2 4 2 5 4 1 8 1 2 7 2 6 3 5 3 3 4 4 3 5 1 5 1 3 5 1 4 5 2 5 4 4 5 3 5 4 5 3 4 4 4 
