20 180
......T..T..T.T...T.T..T...T....T...TT.T...T..T...T.T.....T..T..........T......T...T...T..........T.T...T....TT...T..T........T.T...T....T....T..T...T.T..........TTT...T.T...T..... 51
.TT....T........T......T..T.T.T...T...T..T.....T...T...T......T............T.......T..TT...T.T.T.T..T....TT....T.....TTT.....T........T...................T.T..T.........T.........T 22
....T.....TT...T.......T............T.....TT......T.......................T......T.......T.....T..........T..............T..T...............T..T...T......T....................TT.T. 31
.....T..T....T.......TT...T..TT.T.......T.....T..T.............T..TT.............T....T..............T.T.......................T...T..T..TT..T....T..........T..T.....T..T.....T.... 30
TT................T..................T......T....................T....T...T...T.T.T......T.........T..T..T....T.TT.T...................T.......T....T...T......T..............T..... 26
.T..T.........T....T....T.....T..T....T....T....T.............T.......TT..............T.T.............T..............T....T............T.....T...........T...T..................TT.. 28
......T..T..T...T.T..T.T...T.........T..T...T....T......T.......................................T..T.........T..T.T......T.TT...T.........TT......T....T.T..T..T............T....... 26
......T.....T..T..T....T.T....T.T.T...............T...........T..............T..T.T...T..T..T......T..TTTT...............T.....T.....................T....T........................T 28
T..T..TT..T...T...............T...............TT........T............T..T..........T...TT......T..T...........T....T...T................T....T.T....T..T.......T.........T..T....... 24
..T.....T.T.....T...T...T.T........TT..T.........T.T.....T.T..T.............T.......T...T...T..........T......T.....T.........T.......T.T...T....T.T..T..T............T...T.....TT.. 37
T............T.T.....T................T..T.T.T.T..........T..T...........T.....T........T.T........TT...T..T....TT.T.....T....T.....T.....T.T............T...T.....T.....T.......... 24
...T.T............T....TT....TT..T..........T.....TT...........T................T.............T.....T.....T....T...............T.........T.....T..T.T.T.......T.......T..........T.. 37
...T.....T........T..........T..T..........T.............T.....T.............TT..T.T..T........TT...........T..........T........................T..T.T.....T................T...TT.. 18
...T...............T..T..T...........TT.T..T...T...T..............T.................T...T.T....T..........T...T..T....T....T.T.......T...T.T.............T.T................T...T... 37
.T...........T.T....T.T............TT....T..T.TT...........T...T................T....T..T..T.T..T...............TT.T...T.T...T...T...T...T...T....T....T...TT.T....................T 20
.....T.T......T....T.....T..T..........T................................T.T........T.....T......T..........T.......TT.T.T..T..........TT.....T...T.....TT.....T.T...T........T..T.T. 37
..............TTTT......T.T....T......................................T.......T.TT.....T..........................................T...T......T....T..T....T......T.......T.......... 22
.....T.T.T..T......T.T..........T.....T...T.T..T..T.............T.......T...........T......T......T.......T.....T.....TT...T.T..T..T.....T..........T.......................T..T.... 33
..T.....T.................T.TT....T.....TT....T....T...T......T....T..T.........T....T.T...T.....T..T......TT..T.....T....T.T...............T...T...........T.T....T.T..T........... 22
.T....T...T...TT......TT.....T...T.....T...T.T...T..............T..............T...T.TT..T....T...............T....T.....T.T...T..T.T...TT....T..T.....T.T.TT...........T........T.T 43
6 1 5 4 2 6 1 5 4 3 3 3 4 4 4 5 5 3 4 3 5 3 4 5 4 4 5 3 4 3 6 3 5 1 5 1 5 2 6 3 5 3 4 3 7 3 4 5 5 3 4 3 2 1 1 1 0 4 2 2 1 0 6 4 1 4 0 2 0 1 4 2 3 4 0 1 0 3 4 3 6 2 6 3 3 6 2 7 3 4 4 5 2 4 0 4 4 4 3 4 2 4 1 5 1 3 6 2 4 3 2 6 3 4 4 4 4 3 4 4 2 4 4 4 4 4 4 4 3 1 1 3 2 5 2 3 4 3 7 2 5 4 2 5 3 1 8 2 2 5 2 5 4 3 6 4 3 7 2 6 0 2 1 3 1 3 0 3 2 3 3 0 3 4 2 3 4 3 6 3 
