20 180
.........TT........T.T...T..T...T..........T...T.T.T.......TT..T.T....T..T..TT..T...T...T.T..T.T..T..T..TT..T........T.T.....T......................T...T...T...T...T..............T 37
T...T...T......T.T............T..T.......T......T....T...T..............T.........T..............T...........T..................T...................T.....TTT...........T..........T 23
.....TT....T..TT......T.T...................T..........T.....T...T...........T.......T.T.....T......T....T....T...T...T........T.................................T....T............. 26
...T....T.........T........T..............T...T....TT..T..T..........T...............T...T.....T......T.....T.................T.............T.....T...T.........T....T.T.......T...T 24
TT.....T..................T..............TTT.T.T...T.......T..........TT..........T.........T...T....T..............T..............................T.....T...T..T...T.T.T........T.. 25
.....T..........TT...T...T..T.......................T....T.T...TT.............T................T............TT..................................T.....T.........................T... 22
T......T........T.........T...........T.......T.T.T..T.T.....T.T.....T............T............T.......T....T................T..................T....T..T..T.T..T........T..T....T.. 22
..T.............T.T..T..T...................T....T....T...T.........T.....................TT.T..T...T..T.T.................T....T...T.............T...T............T.T..T........... 25
.T....T.......T.......T....T............TT...............T....T..T...TT...........T........T...........T............................T.....T.........T.T.....T..T.T.........T........ 26
....T...T...TT..T..T.........T................T.T................T..T..................T..T.T.........T.T.T.T.........T.T...T................TT......T.T...........T....T..........T 21
...................................TT......T.....T..TT....T.....T.T....T.........TT.....T..T...T...T......................T.T....T..........T.........T........T.T....T............. 26
.............T..T....TT.........T........T.T.T.T...........T...T.............TT...T....T...........T....T..TT.T......T.................................T.............T...........T.. 26
.....TT........T....T...T......T...T...............TT.....T.T.TT.T.T....T...........T....T.T....T.T...T............................................T........T..TT................... 24
................T..T....T......................T.....T.TT..............T.T......T...T.....T..T.......T...........T..........T.............T.......T.T....T..........T..T...T........ 28
...T..T...................T.............T.....T.............T...T....T......................T.................T.....T...........T.........T..T...............T....TT................ 9
....................T.............T...........T...T.T...TT....T..T.....T.........T..................T..TT........................T......T...T....T......T.......T..............T.... 27
.......TTT.....T.T.....T.....T..T....T...............T..............T..T......................T.....................T....T...........................T.........T......T............. 19
.........T........T.....TT.........................T.T...T....T..........T.......T......TT...T....T........T..T......T.................T....T..T..........T....T..T.....T........... 27
..T......T..........TTT...T.....T........T....TT................T.T..TT...T.....T.........T.T...T....T.T.......T....T......T............T...............T...T.T....T.T...........T.. 30
.....T..T.T...T....T.....T...................T.T.T.T..TT.T..T.....TT.......T.....T....T.....TT....T...T...T........T.T...T..........................TT..T.......T.T..T....T...T.T... 33
2 2 1 4 4 3 4 5 2 3 1 2 3 0 5 3 5 4 3 4 3 4 4 6 1 5 2 1 5 1 1 1 4 2 2 0 1 0 1 3 2 2 4 2 4 2 7 3 6 3 6 1 8 1 7 1 6 3 6 2 5 2 6 2 7 3 4 1 5 5 4 3 2 5 0 2 0 3 1 1 2 2 7 3 0 3 1 6 1 5 3 4 5 3 6 2 3 5 0 6 4 2 5 2 5 3 3 4 3 3 4 0 0 0 2 0 5 2 5 0 2 1 1 0 3 2 4 1 3 1 0 0 1 1 0 1 1 1 3 0 5 1 1 1 2 0 3 5 3 5 3 6 0 6 0 3 4 3 4 2 2 7 3 5 3 3 6 2 4 1 3 1 1 0 2 1 2 3 3 2 
