20 210
............T.....TT....T........T.T......T.....TT...T.T......T.T.....TT.....T..T...T...T................T..T.......T.T.T.....T........T........TT..T..T.....T...T...TT...T.....T....T.T...T.....T.T.TT...T..T..T. 51
.......T......T..T........TT......T....T.T.T.................T...........T.......T....T..T..T....T.....T....TT....T....T....TT..T.......TT...TT...............T..............T.....T................T...T........T 29
.........T..T..T...T....T.T.......T.........T.T.......T..TTT.T...T.T.......T...T.............TT.T.....T...........T....T......T..T.TT..T.T............T..T..T..T..........TT.T.......................T.....T...... 35
......T..........................T..T.T................T...T......T...TT.....T..T.T....TT..T.T.......T........TT...T....T......T.......T....TT...T.T.T....T......T.......T...........T.T......T................... 32
..T.............T....T....T.................T...T....T......................T..........T...T......T....T..................T..T..T...T...............TTT.....T....T.....T..........................TT...T.TT....... 36
....T............T..T.TT.....TT...T.....T.T.............................T..T....T.....T..T.......T....................T......TT...........T...T.T......T.T..T................T.......T....T...T..T....T..........T 26
T.......T...T..TT..T.......T.........T.....T.................T..........TT....T.T..T.....T.T.T....T....T...TT.T...T.T....T.....T...........................T.............T..T.T.......T.T................T...T...T 40
T.T......T..T.......T........T..TT..T...T....TT..............T....T..T.........T......T.T....T....T..T.............T...T.....T..T..TT........T...T........T..TTTT..T....................................T.T....... 22
..............T.........T.............T....T.T...T..............T...........T..........................T..T..T............T.......T...............TT...T..........T..........T..T.....TT.T................T.....T. 36
.................T...T.........T.....T........T.TT.T.............T...T........T...........T..TT..T..........TT.T..T.........T......T...T.....T.TT......T................T...T...T..........T...T.TT.....T......... 33
................T..T.........TT...T...TT..T.T.............T..T.......T..T...........T......................T............T....T.T.......T.............T....T....T......T.................T.............T....T...... 26
.T..........T.......................T.........T.........T.............T..T.T.......T.T...T....T.................T...T.........T.T.T..........T..T..T.................T..T...........T...........TT.......T.....T.. 32
.T.T..............T.T......T...T...T.........T.....T...........T.T........T.T.........T..TT...T.........T..T....T.....T....T.T...T.T..T..............TT..T......T..T.................T...T.........T.T..........T. 28
........................................T....T...T..T..................T.........T.T..T.....T...T...T.T.......T..T.......T......T......................T.TTT........T..T.T..T...............T.T.........T...T..T.. 39
....T.T.............................T..T.............T..........TT..TT...T....................T....T....T.....T.....T.TT..............T.......T...T....T......T............T...T...T..T......................T.... 20
.............T.....T.....T...T...T.T.T...............................T.T..T..T.......T.TT..................T.T.................T...T.........T...T..TT.......T.T.T.......T...T..T...........T...T......T.......... 38
......T..T..........T.....T......................T....................T...........T.......T....T...T.T........TT..T...TT...T......................T....T......T...T.T.T.......T....T.T..T......T......T........... 26
......................T......TT.T.............T...T........T.................T.........T.......T...................T............T...T....................T.............T.T..T...T...T.......T..........TT.......T. 22
T...........T.T....T......T..T..TT.......................................T..........TT..TT..T...T....TT.T......T....T......T....TT...T...T...............T.T.......T...TT.T...T..T..T.T.......T...T..............T 32
..........T..T........T.T.........T...T......T..TT...............T..T.........T.....T...T.....T.T..........T..T...T....T.T...T.....T.....................T...T...T.............T..T............T....T...T.T.....T. 39
3 3 0 3 0 1 3 0 2 3 1 3 2 4 2 3 1 4 4 4 4 5 0 3 1 2 5 1 5 3 2 3 3 5 4 5 4 2 5 2 2 4 2 3 3 2 7 1 6 0 4 2 2 1 1 2 2 1 1 3 1 4 1 2 2 2 5 2 2 6 3 3 4 2 4 5 4 5 1 3 3 2 2 3 4 4 4 4 5 4 4 5 3 5 4 5 3 3 2 0 5 1 3 5 1 3 2 5 3 4 5 3 4 3 3 6 2 4 2 2 6 2 4 5 1 7 2 7 2 6 1 6 2 5 4 2 2 1 1 2 1 5 2 3 4 3 3 5 3 3 4 5 3 5 3 4 3 3 6 2 4 4 3 2 2 3 2 4 4 3 4 2 6 3 3 3 1 4 0 5 1 6 2 5 3 3 1 1 3 0 1 6 3 2 4 1 4 1 7 2 6 3 3 2 5 1 2 1 3 5 
