20 250
....T..T............T.....T....T.T.TT...T.T.T......T.T..T.T...T....T....T..T...T.........TT............T.....................TT....T....T....T....T.........T.........T.T.T.......T..T.....T........T....T......T...T.T..T....TT...T......T.....T......... 57
.T..T......T......TT..........T........T.......T......T......T....T..............T.T...T.......T.T.T....T.....T.....T.......................T........T.....T..T..TT...............T.T.T...........T.......T......T..T.....T.T.......T..T.................. 31
..T.....T.T..T..TT....T.....T.....T......T...........T..T...TT...T.T.....T...T....T.....T........T...................T.T.T.T.T..T.........TT.T.....T........................T.T..T......T.............TT.T................T..T.T........T................. 40
.T..T..T...T..T............T..T.........TT...T........................T......TT....T...T.T.........TT.......T.T...T........T....................T.T.....T....T..T................T.T...T..........TT...........T....T..T...T.......TT..................... 30
T..........T...T....T...........T....T........T...........T.....T.......T.......T..................T....................T..............T...T...T...T..T.........................................TT.......T.T.T............T...T........................... 31
T.......TT.....TT.......T........T.......................T.......T....T..TT......T...T...T........T..T.......T..T.....T.TT.T.T..............T....TT.T...T...T.T............T..........................T.......T......T....TTT.........T............T.....T 33
.....T....T...............T...T...............T..T....T.............T..T....TT.....T............T.........T.T..TT...........................T...........T...T..................T.T..........................T........T.T.......................T.......... 35
.............T.T.T....T...T..T...............T...........T..................T.T....T.......T..T..T..T...T..T.........................T.....T..................T..................T.T.............TTT..T...T.T.T................T..T..T.................... 22
.T........T.........TT...T...T.T...........T......T.............T......TT...................T...T......T....T.....T.....T.T........T......T..T.T.TT........TT..T.................T...............T.T..T.T.T...........T.......T.........T..T...........T.. 40
......T..........T.T.T.....T..T..T.T..............................T.TT......T..T...........T.TT..T...........T.T..T....T......T..T...T...T......T..........T.................T............T...T.T...........T...T.T.T.....T.....T......................... 32
T..........T..............................T....T.T.............T....T.........T..T......TT..................T............T...T..............T...T..T....T.T..T..T..........T.......................T....T...........T.T.....T........T.................... 41
.....T.T..........T...............T..T.......TT...................T........T......T..........T....T..T.T.T.......T.......T........T........................T.............T..T...T.T...............TT...T..............T..T....T....TT........T..........T. 31
T.T...T....T...T............TT.....T.....T..............TTT......T.....T.T....T.........T...T........T....T....T......T...........T...T......T.....T.....................T.......T............T...T........................TT.......T..................... 33
...T.........T..........T..T........T.T........T...T...........T.........T..TT..T...............TT...T.T.....T...T...........T......T....TT.........T......T..TT...T.........T..T.........T.T.....T...T...TT...T..T.............T.....TT.................. 46
T.............................T..TT........T..T..T.........................T......T.....T.T.......T...T........T.........T............TTT...T.T..T.T..T......T..........T............................T..T.....T.....T....T.........T...................... 29
....T...........TT.T........................TT.T....T.....T....................T....T....T....T........T...T..........T......T.......T..........................TT..........T...................T..............T......T...T..TTT...T........T............. 28
.T.T.........T...........T..TTT....T....................................T.......T.TT.T..T........T.TT.......T..TTT...................T.T.T.T.......TT....T..T.......T...........T..T.T....TT...T.....T...T.T........T...T....T..T.T....T......T........... 43
......T................T....T..TT..............T.................T............T.......T..............T......T.........T.T...T.T...............T..T....T.....T......T..T.............TT.......T..............TT................T....T..T...T.T..T.......... 38
T..T.....T...T...............T........T...T.T.....................T....T...T....................T.........T.T...T....T...T..................T..............T...T............T.....T....T.....T.T.T......TT............T...T..T.......T........T.T.....T... 32
.T...T.TT.......T.T.T.T...T.T...T.T........T......T.................T.T....T..TT.TT....T.T..T.....T...T.T.T...T....T..T.T......T................T.T.T.T.T.T...TT..T.................T.....T.................T.T.......T.T........T.T..T....T.T.....T.T.TT. 58
9 0 6 0 5 2 5 3 2 4 2 3 2 4 3 3 2 5 3 4 2 3 4 1 1 6 0 7 2 4 6 4 2 7 3 3 1 5 0 1 1 3 3 4 3 6 1 4 2 3 3 1 2 0 3 0 2 3 4 2 0 1 1 4 2 3 5 1 3 2 3 4 3 3 6 3 4 5 2 6 3 5 4 3 3 2 4 3 3 4 5 0 5 0 3 2 4 3 6 3 5 3 5 2 3 3 2 6 2 5 2 7 2 5 1 2 0 4 4 4 3 6 0 4 1 2 6 2 2 1 1 1 3 4 1 1 4 2 3 3 6 3 4 5 3 4 4 4 5 3 2 3 1 4 4 3 3 7 2 6 2 3 0 3 1 2 0 2 1 1 1 1 6 1 3 2 4 5 2 4 3 1 2 3 0 2 3 2 1 0 2 2 5 3 6 2 3 3 4 2 7 2 7 0 5 2 5 2 1 3 0 3 3 5 4 4 3 5 5 3 3 6 3 5 4 1 5 3 2 7 2 5 1 2 1 0 3 1 3 0 4 0 2 0 1 0 3 1 2 0 
