20 170
T.T........T..TT......T...T...........TT.......T....T....................T..........TT........................T...............T....T....T.........T.T.T..T.T.T.T.T...T.T.. 37
...T...............T...............T..............T................TT...T...T.T..T.........TTT.T.......T.......T....T........T.T.T..T......T.T....T.....T...T.T.........T. 19
......T......T...T.TT..........T......T.T..T......TT....T..........T.........T.T....T.T.TT...T.......T...T......T.T.......TT.........T.....T......................T...T... 24
T..T......TT.........T.T.T.........T.......T.................T..T....T..T.......T........T......T.........................................T........T......T............... 29
......T.T....T.T...............T...T...........T.....T....T.............T.T............T.T.............T......T.T...T...........T..T.......TT........T.T........T.T...TT.. 30
..T...........T......T.....T.......T.T..T..TT.T...T...T......T..............T.....TT.......T...T.....TT.T..T......T.......................................T...T.........T. 20
T....T..T.T....T......T........T...T.T....T.........T.T..TT.....T..T....TT.T..T.........T...................T...T....................T.T.............T...T........T....... 31
..........T......T....T.T...T....................T.......T..........T.....T.........T...T.T.....T.............T.....T.T.T.........T..T....T.......T............T.T....T... 30
T..T..T....T.....T............T...........T..T.............T...T..T...T....T....T..T.....T...T..T.T.....TTT.......T.....T....T.....T......T....T....T..T.T......T....T.... 32
.......T......T.........T........T.T.....T..T...T.TT.T.T.TT...............T...T.....T............T...T.........T.....T............TT..T...........T...T...........T.T..... 22
....TT.....T.......T.....T.........T...T.....T..T.T...........T...T.TT...T.....T...T.T..T...T.....TT.T........T..T.T...T.............T..T.T......T.........T.T.....T....T. 33
..........T.....T.T......T.T......T......T..........TT..T...........T......TTT..............T...........T...T.................T...T.....T...........TT...........T.....T.T 20
...T..........T.T.................T................T......T.......T.....T....T.T..T..................T........T...........T......T...T......T..T.....................T.... 25
....T..T..TT.......T....T.TT..T....T....T........T...TT..T.......T..T.T...T.................T......T................T...........T.T...T.........................T....T.T.. 26
..T........T...T....TT........................T..........T.............T..........TT..T.....T........T............T..........T.....T..T..TT.T.................T...T....T.T 24
...T.....T....T......T........T..TT.....T......T...T....T...............T.....T.......T..T....T................T.....T.....T.....T.T....T......TT...........T...T.T....... 23
.............T..TT...T....T.T...T......T....T.T...T................T...T....TT.......T.......T..........T.....T.T...T..........T....................T........T....T.T..... 31
...............T...T.......T.....T......T..T..........T..T.............T.........T.......TT...T..T.T..T...T.....T.....TT.........T...T...T........T.........T.T.........T. 27
..........T..........T........T........T.........T...T.........T......T......TTT.......TT.T.T...........T..T..TT..T....T...T.T......T..T.........................T..T.T..T 28
..T.....T...T.T.T......T.T....T.T.........T.......T..T......T.........T.T..T.....TT.T......T.T.T.....T.................T.T.T............T...T.....T.......T...T.T......T.. 33
3 2 1 8 0 3 2 2 4 1 5 4 6 2 4 5 4 5 2 4 3 4 2 5 1 5 4 4 1 1 2 3 3 4 5 2 4 2 3 3 5 2 5 3 1 5 1 1 7 2 5 4 3 6 2 5 2 5 2 4 1 2 2 1 0 1 4 3 4 4 4 4 5 4 4 3 6 3 5 4 3 6 2 4 4 3 5 2 5 2 4 4 5 4 2 5 2 4 0 4 0 6 3 3 3 3 2 2 2 3 1 9 0 5 3 3 4 2 3 1 3 2 1 4 1 3 3 3 0 8 1 5 4 4 2 4 2 5 5 3 3 1 1 2 1 6 1 2 3 4 2 0 5 1 3 2 4 0 5 5 3 5 3 5 4 5 3 3 6 3 
