20 220
T.T............T....T.T.T....T.T..T..T......T.T.....T..T...T..T..T..T......T...TT.......T.T......T......TT...T....T.TT......T..T....T.T..T......T....T...T....T..T.........T..T....T....T.........T.....T................... 55
..T..T..T..T.....T........T....T.......T......T.......T......T........T...T.T.....TT..T...T.T.T.T.T..T....T.............T...T...TT....T...T..T.T.......T.....TT.T......T....TT......T..........T....T....T..T.T.T.T..T.T.T.. 32
.T.....T.....T........T........TT...TT....T.T...T..T......T..T........T.T....T...............T.........T..............T.TT...T.....T...............T......T........TT........T.T......T....T.......TT.T...T................. 42
...........T..T.........T.T............T.............T.T........T........................T........T.T....T...T....T..T........T...T......T..T.T..T....................TT..........T.....T.....T.........T.TT................ 32
.............T...........T..T....................T...T......T....T.....T..T..TT.T....T.T.T.......T...T......T....T.T......T.....T.T..T..........T.T...T..........T......TT..T....T...T........T..T.T........TT....T.T....... 41
T.T.....TT.....T.........T.T.....TT..T...T......T.T..T....T....T.T..TT...T....T...T........T..........T...T...T..............T........TTT....T.....................T.T....T..............T...T..T....TT..................... 35
.T.T..................T......T...T.....T....T.T....T.........T.......................T.T......T....T.................T..T.T...........................................T.....T.T.........T..T.....T...T.............T........ 31
T...TT...T..T...T......T..........T............T......T.T.........T.....T...T....T..T.T..T.T.....T.........T..T..T......T.........TTT..............T.T........T...T..............T.............T..T......T..T.TT.T.T...T.... 40
.T......T....T...TT............T......T........T............T...T.T.TT........T..T.......TT...T..T....T..T..........T.T....T..T........................T........T..TT...T..T.T.................T....T............T......T... 32
T.......T......T.........T.........T....T......T..T...T.T.T............T.....T............T......T.............T....T.......T...........T......T..T....................T........T........T.T.T..T...T...T......T.....T...... 31
.....T.....TT..T.................T........................T...T....T..T....T....T.T...T........T........T.T..........T..T..T.........T.T.T.........T.TT........T..............T....................T......T...........T..... 37
T......T...........................T.............T..T.............T.......T...TTT.......TT...T......T.T..........T.......T.....T..T.T.........T..T...............T..T.T.T....T............T...T....T.......TT....T.....T.... 29
.TT.....T............................................T.T....T..T..T.....T....................T........T...T.........TT...T.............T....T...T..T.T...T.....T..........T.............T............T................T..T.T 38
....T....TT..T..........T......T....T..T..T....T...........T..T........T.T.T.......T...T......T..TT.T....T....TTT.T.T......T......T.......T..T.T.................T.T..TTT..T........T.TT..T....T.T.........TTT.......T...... 30
......T.T........T............T........TT.........T......T..T...T.....T......T...........T..........T...T........................T........T.......................T........T..T..........T.T.....T.....................T.... 33
.T.T...T....TT.T...T.......T....T.......T.T...T.......T.T........T...........................TT......TT.......T......T............T.T...T...........T...........T.T.......T..T.........T..............T..................... 32
..........................T....T...T.......TT...T......TT.T.....T.........T........................T...TT..TT.....T................T....T.......T....T..............TT..T.......T....T.........T..TT..T........TT........TT. 33
TT.T....TT.....T.....................T.......T..............T.T........T.....TT...........T......T..............T..............T.....T.............T....................T....T.....T...........T......T...T.T............... 33
....T.T..T.........T....T.........T...T.TT.....T....T......TT......T.T..T..T...T.............T.T..TT.......T.TT..T.........T...............T.T...T..T....T...T....TT....T...T.T.....T...T.T................T........T....... 24
T..T..........T....TT....T.T...T..T.....T.T....T..T.T.T...T...T..T..T.T...T.T...........T.....T...T.T...T.T.....T.......................TT......T.....T.T...T.T...T.T..........................T..T.TT.T....T..T...T.T...... 58
7 2 8 1 7 1 2 5 4 4 4 4 2 6 1 5 3 2 2 3 0 1 3 1 5 2 3 3 3 1 4 2 3 4 3 6 2 2 3 4 4 4 1 6 1 3 4 2 7 1 4 3 5 2 7 1 4 3 3 6 3 5 2 6 3 5 3 4 3 3 5 3 4 4 5 4 4 3 4 5 1 4 3 3 0 4 1 5 1 4 5 2 6 1 6 3 5 3 3 5 2 6 2 6 2 6 3 6 1 6 2 1 5 2 5 4 3 3 4 2 3 3 4 2 4 0 4 0 4 2 6 2 4 4 3 6 2 3 2 5 0 6 0 5 1 4 3 5 1 7 2 3 2 2 0 0 0 3 4 2 4 4 5 4 3 5 2 7 2 5 3 4 4 4 3 5 1 1 3 1 2 2 3 3 3 6 2 2 2 2 6 0 6 3 6 3 5 2 5 4 3 3 2 5 3 5 3 4 1 3 2 2 4 1 4 3 1 3 1 2 
