20 170
T....T..........T.............T..T.......T.T...............T.T..T.....TT.......T.....T...T...T.....T.T....T....T...T.T...TT...T........T....T..T.........T..T..T...T.T.... 41
.............T....T.T...T.TT.....T..T.........T..TT.........T...................T.TT.......T.....T..T......TT...........T.....T..T.T....T.T........T.............T........ 23
...T...T...T..................T..T...T.T..T.T.........T.T....T.T..TT......T.......T.......T....T.T............T....T.....T...T....T.T...T......T.T.....T....T..T....T..... 29
...........T....TT....TT...T..T....................T.......T..................T.......T.TT.T........T....TT....T................TT.................T.T...............T.... 32
....T...........T...T....T......T.T...T.....T.T.TT....T..T..........T.TTT.T......TTT............TT..............T....TT.T..T.T.....T.T....T..T...............T....TT....T. 32
...T...T..T.T.T....T.T.......T..T...T...............T..T..TT.....TT.......T............T...T..T.T...T..T...T......T...........T.......T....T.....TT......T..T.T......T..T. 35
T...T.........................T...T......TT....T..............T.T...........TT...T.............T..T.........T.T........T.........T..T....T.....T.....T.T..........TT.T...T 25
..T.T...T.T..T.........T...T......TTT....T....T.....T...........T.T.....T.....T.....TT...T...T.......TT......T..T........T.T.........T...T.T......T............T....T.T... 34
..........T.....T.....T..T.....T......T...T..........T......T.......T.......T....T.T.....T..............T..........TT..TT...T....T....T........T......T..T.T......T....... 29
..T....T.....TT...TT.T......T............T..T.............T..TT....T..TT..T.........T.........T.T.T.........T..T.....T.........T..T..T....T..........T......T.........TT.. 32
.......T..........T.....TT...T.......................TT..T.....TT........T......T...T..T.T..T..T.......TT...T...TT.....T................T....T..T.........T..T...TTT...... 26
T.......T...T.T.......T.........TT..TT....T.T.......T.....T..T....T.....T..TT.....T..T.....T.....T.T......T..T.T.....T......T.T..T.....TT..T..T...T.................T.T... 36
...T...T.....T.T.T....T......T..T.....T..T...TT.......TT......T.........T.....T...T..........T.T.............T.......T.......T.....T..T......T...........T.T.............T 26
.T..T....T..T..T.....T..T...T..............T................T..........T.......T....T..TT............T........T....T....T.T..T............T..T....T...T....T..TT.T...T..T. 32
...T.T............T.....T............T..........T..T..T...T...T.....T.....T..T...................T........T.T..TT...T.....T.......T....T.T....................T......T.... 28
................T..T....T......T.T...T..T.T.T.T.........T.......T....................T.T.....TT...TT....T........T...T......T.....T.......T........T..T..T...T..........TT 33
T......TT...TT..............TTT...T..TT..T.T........................TT.T...TT...T.............T.......T.T...............T........T..T..T.....TT..T...T.........T..T....T.. 35
..T..T...........T............................T..T.....TT.T.T..TT.................T......T..T..T...T.T...T..T...TT..T.....T...T....T.......T..T...T........T..T.T....T...T 28
T..T.T...T.T.T........T.......T.........T.........TT....T..........T.T.....T.T.......T..T..........T....T..T.........T..T.......T........TT........T.............T........ 30
.T....T.........T.T..TT..T...T..TT..TT...T...T.T...T....T...T..T........T.T.T.T..TT....T.....T..T............TT.........T..TT........T..T......T...T.T..T..TT...T.T..T.... 44
6 1 5 3 5 2 6 2 3 3 2 4 5 2 4 4 3 6 1 7 1 5 2 7 2 6 2 2 6 3 2 6 2 4 6 3 3 4 6 1 5 5 4 4 2 8 1 4 2 2 3 4 3 2 5 2 4 2 7 3 6 2 5 4 2 6 3 4 3 1 5 3 5 4 3 4 3 6 1 5 5 1 7 1 4 4 4 5 3 5 2 1 7 1 8 1 6 3 5 4 5 2 4 3 0 7 2 5 4 2 6 4 5 3 2 4 5 2 5 3 4 6 2 4 5 3 2 4 2 7 1 8 1 5 4 4 2 7 2 5 2 4 4 3 3 5 2 4 5 1 4 2 2 4 3 4 3 4 3 5 3 6 4 5 3 4 4 5 2 5 
