20 150
......T.TT...T.......T.....T...T...T.T.....T........T...T.T..........T...T.T.T..T..T........T.T....T...........T.......T.T......T...T..T........T.T... 42
....TT........TT.T.....TTT...T.T..........T..T.TT.T...T.......T..T.T..T...TT........T....T...T.TT.......T..T................T...T..............T...T.T 22
.T.T....TT.............T..T.....T....T..T..........T......T.......T....................T...T.T........TT.T...T.T.T.T..TTT...T.T...TT.......T......T..T 33
.....T....T....T..TT......T..T.....T.........T.T.....T...TT...........TT.......TT...T.....T.......T....T...T..T.....T.........T.....T...TTT.....T..... 27
......T.......T......T..T..T.....T.T...T....T........T.......TTT.......T......T..TT...T.T....TT.T.....T.........T.........T........T...T.....T........ 30
T.......T.T.......T...........T...TT.......T..T.........T....T.......T..T...T..........T.....T..............T.T.....T......TT....TT.T......T.T....T... 24
..T............T...T......T..........T.T.T...TT..T.........T....T.....T...........T.T.T...T.......T..T.T..T.T....T.......T.............T........T..T.T 31
......TT......T...........T..T........T...T............T..............T.....T................T..T..........T..........T...T...T.T.T......T.T..T.T...T. 25
........T.T.T......TT.T.........T.T.........T....T..T....T..T..T.T......T..T....T.T......T...........TT.T....T..T...T..T.T................T....T...... 29
TT......T......T...T....T...T.......T..TT...T........TT.........T...................T....T.T................T.................T..T...T................ 22
...T........T.......T...T...T..T.........T........T..T.....T..........T......T...T.....T.T.T...TTT.................T.......T.......T...T....T..T.T.TT. 29
......T.....T...TT.......T..T....T.T....T.T..T...........T...T....T..T..T...T................T..T....T.....T.T....T....T...T.T....T...T.T.T.......T... 26
.T..T...........TT...T.......T.......T.........TTT....T...............T...T..T..T....T....TT.......T.T.......TT.T....T.T.T.....T..............T....... 29
......TT..TT......T....T....T...T.T......................TT..TTT..T...T..T.......T...T...T.............T..T.................T.............T.T.......T. 27
.T......T....T..T...................T..T..T..T......T....T..........T...........T..........T.....T......T.......T...............TT....T.......T..T...T 31
...........T.......T..T....T..T............T.....T.......T.T...T...........TTT.T......T......TT.....T..T.T........T..T.T.....T.....T..TT.............. 18
.T.T.T...T...T..TT...................T.T....T.T.T.T...................T.T.T....T...T....T...................TT.T..T....T.T......T.......T.......T..T.. 35
.....T..T............T..T....T.T.......T............T....T..........T..........T...T.........T.T.T..T..T.............T.......T...T.T.................T 12
..T...T...........T...T..T.....TT.....T.....T.T.............T..T.........T...T......T......T.....T...T...T..T..........T.....................T..T..... 25
........TT...T.T.T..T...T....T............T..........T...............T...........T.....T.T...T....T.......T.T...TT...T.....T.T..........TTT.........T. 29
2 4 1 6 1 6 3 6 4 3 3 6 3 4 3 4 5 3 6 2 6 3 4 2 6 2 5 4 3 5 4 3 6 1 5 2 3 4 4 4 4 3 5 5 3 4 4 3 4 2 4 3 1 5 2 2 4 5 4 3 5 1 5 3 4 2 2 1 4 3 6 3 4 4 2 3 5 3 4 4 4 4 4 2 5 1 3 4 3 6 3 6 4 5 3 5 2 4 4 2 6 4 3 3 3 4 4 4 4 5 3 5 3 3 5 1 6 2 4 5 3 2 5 4 6 2 3 2 2 7 2 5 1 4 2 6 2 6 2 3 2 3 5 3 2 7 1 5 2 7 
