20 230
..T..........TT.T...T.T.........T...........TT..T..T....T.........TT..T.....T.TT..T..TT..TT......T...T.T..T......T..........T...T.T....T.T...T...T.............TT....T..T.T..T..T....T.......T.TT...T.....T.T......T...T...T..T....... 54
..........T........T..T..T........T.T.T.T.............T..T..........T....T.......T.....T........T..T......................T..T..T...T...........T..T..TT...T...T.T.....T.......T..T.T................T.......T.....T.T..T............. 24
..........T........T...T...TT...........T................................T.T.....TT.........T.T...........................T..........T..T........T..T...T...T.....................T.........T...TT..T........................T.......T 35
......T...T..TT.........T..T..T........TT.....T.............................T...........................T.........................T........................T......T..T..T.........T......T...T....T......T.............T......T....... 25
...........T....T...............T........T..............T...T..........T.......T.....T.T..........TT..T..TT.....................T.......T........T.T.T....T...................TT.....T...T.....................T....T.T.T............. 26
T....T.......T..T.........T...TT.....................T...................T.......T....T..TT.....T..................T..............T..T.T...................T..........T......T.....T.....T.T....T.........T..................T..T...T. 35
......T.....T...............T............T...T..................T......T..TT...T..T...................T.T..................T.....................T....T.T.....T...T...T...T..T..T........T...........T.................T..T........... 31
.........T....T.....T...T...T....T.............T.......T...T.T..T.....T...T...T....TT.T...T.....T.T.......TT....................T.....T...T...............T.TT....T..TT.T..........T..T...T.........T........................T........ 32
.........T.T......T.........T..T...T...T..........T........T.....T..............T....T....T.....T.T....TT.........................TT...T.......T.T.T...TT...T...T...........T.T.T...T...T...T..T....................T...TT..T.....T... 30
T...TT..T.........T......T...................T..........T......T....T...T..T..........T.....T....................T..T....T............T......T.....T.......T.....T..TT.........T.T...T...T......T...TT...TT..........T.T......T.T..... 46
..........T....TT..T.......T.......T....T.......T..T....T..T......T...T....T..T.T............T.T....T...TT...T....T..................T........T.....T........T........T.T......T..T..T....TT.T..T.............................T....T.. 34
T...T..TT...................T.T......T.T..T......T...............T...T..................T.............T.......TT......TT.TT....T..TT.........T..............T..............T.............T........................T.T..T.......T...T.T 40
.TT........T.T..T.....T.T...............T.........T...TT.........T...TT..T.T.T.......T..T.T.T..T.T..T......T....................................T...T..TTT.......T...............T.......T.T.........T.T........T.......T............. 34
.........T.....T........T.......T..TT....T..................T..TT....T............T.......T..............TT........TT.........T....T.........T.T.......T..T......TT...T...TT..T.....T..T.....TT..TT................T.T...T..T........T 29
.....T..T....TT..............T....................T...............T...T.T.T.T.T......................................................T.......T....T...T.......T.....TT..T..T....T.T.............T..........T..T.....T........T.T...... 41
T...................T.T...T.T......T.............T....................T................T...T..T....T...T........................TT..............T..........T..T...T......T.....T....TT..T..T....T..T...T......T...T.....TT..TT........ 28
.......T...TT.T......T.T.T.T..T..T.T....T....T........T........T...T........T.T..TT..T......T.........T.........T........T.........T........T..T.......T...........T...T.....T.......T....T.T...T......T.T.....T.........T............ 52
T...T.............T........T.T.T.......T...T..T.................T...T.T..T.T....T.......T...T.............T...T.........T.T..T.T.T............T..T.T.....T...T........T.......T.............T.......T.T.....T......T..T............... 29
T.............T...........T.........T..T.T.T...T.T....T.T...T......T.................T.......T......T..TT.T........................T......................T..........T.T.T................T....T....T............T......T..T...T...... 32
.T...T.T.T.T.T.T.T..............T.............T..T...T.T.....T.T..T.....TT...TTT...T..T.T........T.....T....T........TT......T.T...T......T.....TT.T....T.T....T..T...T......TT...TT..T..T...T...T.................T.......T.T..T..... 53
5 2 3 3 2 2 3 3 3 3 5 3 7 2 6 3 3 2 5 1 2 3 3 1 4 4 4 4 4 4 3 5 4 3 4 0 5 0 2 3 5 5 1 4 0 4 4 1 5 0 5 1 2 1 5 1 4 2 2 2 3 1 2 3 4 3 3 3 3 3 5 4 3 6 3 5 4 4 4 4 3 6 2 4 1 6 1 6 3 5 3 5 2 1 3 2 6 1 6 1 3 3 3 4 4 3 6 3 0 3 1 0 3 1 2 2 0 3 0 3 1 3 4 1 0 1 2 3 4 3 6 3 5 3 3 2 2 1 1 2 3 2 3 1 6 3 4 4 4 4 2 6 3 3 5 2 7 0 7 1 2 4 2 5 3 6 3 7 3 2 5 1 5 1 6 4 4 2 6 2 6 3 5 1 7 1 5 3 6 2 6 3 2 6 2 4 2 6 1 2 2 1 5 1 1 1 1 3 1 1 2 1 8 2 5 2 7 2 4 3 2 4 5 4 2 2 0 2 0 4 
