20 230
.....T..T.....T.....T........T......T...T...T..T.T..TT...T.T.TT...TT..T...T..............T............T...T.T........T....T..T...T....T............T....TT...T...T.......T.T..T..........T..T.T....T.T............T...T......T.T.T.... 55
T.....T........T.......TT...T...T....T.T.......TT..........T..................T..T....T.........T....T.........T...............T.....T...............T..T.T.............T......T....TT......T.T...T...T.....T..T.....................T 26
............T......T..T.T...T.T..T...T...T..T........T............T.T.........T........................T...T........T...T..............T..T.TT.T..T.........................T.....T.............TT.........T..........T.......T....T.. 35
..........T......T.TT.T......T.T..T...T..T...T..TT...........T.T.....T...................T...T..T...T...T..T..T.....T.TT..T.........T......T...........................T...T....T.............T.....T....T...T.....T..............T... 30
..T...T...................TT.............T...........T.T....T...T...T.T...T.....T.................T.T.......T..TT......T.........T.....T.....T.....T........T.T...........T.......T..T.........T..T..................T.....T...T....T. 37
.........T....T..............T.....T...T..T........T.............T....T.T.....TT...T.................T.T..................T......T.....T..........T......T......T......T.....TT..T..T......T.........T.......T......T..T...T..T......T 30
..........T......T...T...T...T.T...T...T......T...........T....T.T....T...............T........TT........T...TT.........T.......T.........T.T.....T.T..T.T...T......T..T...............T.T.........T.......T.....T......T.......T.T... 45
...T..T.T.........T............T...........T.....T.T.........T..........T..T................T.....TT...T...T......T...T.....TT..........T...T......................T.....T.................T..T.....T............TT..........T........ 32
.......T.....T..........T..T....T..TT......T..T.T....T...........T.T...T.T.T.........T....T.....T....T...T.T.........T.T.......T..T...TTT...T.T.............T...........T..TT.T.....T..T....T.....T..........T....T.T........T........ 39
..T.....T................T...T............T..T.....T..T...T......T............T............TT.T.T...TT...T............T.....................................T....................T.......................T.T..T............T...T...... 28
...T.T.......T.........T..........T..T..T.........T.........T...........T...T..................T...T..T...T....T......................T.................T..............T..........TT...T..........T...............T...T......T..T..... 32
.....T...T...........T...T..T.T...........T....T.............T.T.....................T.....TT..........T.T..............................T.T..TT............T...T.....TT..T..T.T.T.................T.T....TT....T.T..............T.T... 25
......T......................T.................T...T....T....T.............T..T.T.........T.....T..T......T.T........T...T..........T.....T......................T..T..........T..............T.............T...TT.................T.. 32
......T....T...T......TT....T.T....T......T..TT.....T..TT...TT..T..........TT.....T..................T.T....T...T..................T...T.....T....T.................T....T.T...TT.......T.T..................................T.......T 37
.........T.TT.......T......TT.....T................T............T.........T..T.......T..........T......T......T.T......T...T......TT............T.............T.......TT....T.......T..........T....T.T......TT....T....T............T 38
T....T...............T..T..T.T............T.T.T...T....T...T..T........T........T................T........T.....T...T...T.....T...T........................T.............T.T.....TT..T......T......T.T....T....T..T............T.T..T. 30
.........T.......T..T.T.........T.....T.................T....T...T.....T.......T.T.T........T.........T.....T..............................T..T....T.....T............T.........T.............T.TT.......T..T.T............T.......T.. 41
...T....................T..T...T..T......T.....T..T...T..T...T.T........T..T......T...........T...T.....TT..T...........T.........T.....T..................T........T...T....T....T.....T..T..T......T.........T.T...........TT.....T. 26
T.........T.......T.............T..T.......T.........T...TT......T.......................T........T........................................T..T.T..T.T.T...............T..T..........T....................T....T..T..............T.T.. 28
..T...T....T....T...T...TT....TT.T....TT.T....T...T.....T.T..........T..T....T......................T.T...T.............TT.............T.................T.T...........T.......T.T.T...T.TT..TT.T..T..T.T....T....T..T....T..T.TT...T. 49
1 3 1 3 1 2 7 2 5 3 3 2 1 4 1 1 3 0 5 2 3 4 4 5 3 5 2 6 3 5 4 5 5 1 6 3 4 4 3 3 4 2 6 2 5 3 5 2 4 4 3 5 4 3 6 1 4 2 4 6 1 5 3 6 4 5 2 2 2 3 1 4 2 6 2 4 2 3 3 1 5 1 2 2 3 3 0 0 0 1 5 1 4 1 4 0 7 0 4 4 3 6 3 6 4 5 4 3 4 4 2 3 4 2 0 0 3 2 5 2 6 0 3 2 3 1 3 1 2 2 1 4 2 2 2 3 5 3 2 6 1 6 2 3 1 2 5 1 1 1 1 2 2 2 5 3 6 0 2 1 0 2 1 1 3 3 3 3 6 3 4 5 2 4 3 6 3 5 3 3 3 4 3 1 6 0 2 3 4 5 3 2 3 2 7 1 7 2 3 2 0 3 4 5 2 4 4 3 4 3 6 3 2 4 1 1 1 1 2 2 4 4 4 5 3 2 6 3 4 3 
