20 200
...T.T.....T..T..................T...T..T.TT......T..T..T..T..T....TT...T.T...T............T.TT..T.T..T...T.TT...TT..........T.T.T...T........T.T....T...T.......T.TT........T......T....T.T..T..T...... 44
TT......T.....T......T....T.......T.T.........T.T......T.....T....T..T........T..........T.T...T....T...T................T.......T.T.T....T....T...TT.....T..T..T....TT...T....T...................T..T. 29
......T.T............T...T.....T.......T..T.....T.T.......T.............T..........T.T.........T.T...T....T..T...T...TT...T.T...T...T.......T...T.............T........T...............T...T...T....T... 35
...T...T..T..T.T....T.............T........T............TT...T......TT....T.T...T...........T................T.T..TT....T.................T......T.......T...T..T.TT.......T..............TT.T..T.....T. 40
..T....................TT....T............T......T.............T..T....................T...T..T.T........T........T..T......T.T....T.............T.....T.T..............TT.....TT...............T..T...T 30
T....T.T.....T.........T................T......T....T..T................T...T.........T...TT............T...T.....T............T..........T..T....T...T.....T.......T..............TT......T..T.....T... 38
.T...T.....TT.....T......T..........T.T......T....T...T...TT..TT...T.....T..............T...T.....T........T.......T........T...T.T.T.T.TTT.T..T.......T......T.......T..........T....T..T.............. 27
T.TT...T.T....T.......T.............T..T.......T....T..........TT.T.TT.......T........................................T.TT...........T...........T................T....T.......T..TT..........T...T.T... 35
.....T..............T....T......T....T.......T..........TT...TT........T........T.....T....TT.T............T.T....T....T.............T....T.....T....TT.............T................T.T.....T.....T.... 33
.........TT..T...T........T........T......T........T....T.T.T...T....................T..T.....T..T......T...T......T.......T..TT.TT...T......T.......T.................T..T.T.....TT....T..TT...T.T..... 31
........T.TT..T..T...T..........T.T.....T..T..........................T.....T...........................T.T......................T..........T..T.......T.........T.......T......T.....T........T........ 31
.....T.......................T........T...T....T....T...T...T..TTT......T....T.TT.T...T...T.T..............T.T.T.....T.....T................T....T...T.............T.T.......T............T...T....T.... 25
........TT.......T..T.............T......T.T..T.T...TT........T.........T............T......T..T...T...T...........T....T.....T..T...........T.........T.........TTT......T....TT.......T........T...... 40
.T..T.T.....TT......T....T..TT...T.........T..............T......T.....T..T..T.....T........T..........T.T....TT.......T..........TT....T...T.........T........T........T...T..T.T........TT..T......T.. 28
......T...................T...T......T.....T.T..T.T..T..T...........................T.T.T..T....................T..T....T....T.T............TT......T.........T.............T.........T....T........T.T. 40
....T......TT........T.T.........T...T.TT.....T.......T.........T..TT.T..T...........T.T.....T.......TT..T....T......T....TTT....T...T.....T...TT..T.....T...T.....T.T...T.T.........T..T.......T.....T. 35
T.T....T.......T...T..T..........T.....T..T.T.....T.....T...T........T............T.......T.....T.....T.............T....T.....T...T.......T.T..T......T................T.....T...T......T.T............ 23
TT......T..T....T.......T.....TTT....T..........T..........T..T.T........T......T...T.T..........T.T.......T....T....T...............................T...............T...T......T.................T.T..T 42
.......T.............T.T........T........T.T...T...T.T.....T........T....T...T....T..T....TT..T......T...T...T.T..........T...T.T...T............TT......T............T....TT....T....TT.T..T.......T... 24
.T..T....T.T.T...T..T..............T....T.T.T......T.T..T.....T..T.T..T.......T..T....T.......T.T...T....T........T....T...........T....T....T.T....T.T..........T.T.T.T.........T..T........T.T.T.T.T.. 53
7 1 6 2 5 3 2 8 1 6 4 4 4 4 4 2 4 2 1 5 0 7 2 4 2 2 4 0 2 1 2 3 3 3 5 3 5 4 3 4 4 4 5 3 5 3 3 5 2 3 5 4 2 6 1 5 3 6 4 1 7 2 6 2 5 4 4 4 2 5 2 5 4 2 4 1 1 8 1 1 2 2 4 2 3 4 4 4 4 2 6 3 5 3 6 3 2 4 2 1 4 2 3 2 7 0 8 2 4 5 2 5 3 1 6 3 4 1 4 3 4 2 4 4 3 4 4 5 4 4 4 4 3 3 2 1 2 2 3 6 3 7 3 2 4 5 3 3 6 2 6 3 2 2 1 2 1 2 2 2 4 2 3 3 5 4 4 4 4 4 3 2 3 4 1 5 3 5 2 4 1 4 4 1 7 2 5 4 5 3 4 3 4 5 2 6 2 6 2 2 
