20 100
....T.T..TT...T....T.T..T.T..T.......T.......T..T..T..T....T.T..T....T.T.TT...T......TT.....T.T..... 30
.TT...........T.....T.......T..T..T....T.T.T........T...T.T.T..T..TT..........T..T......T......T.TTT 13
....T.T..T..T.........T..............T.........T..T............T................TT..T............... 23
...........T..T..T..T..T...T.....T....T..TT..T.......TT...........T...T..T...T........T....T..T..... 17
.TT...........TT........T.T.T.......T............T................T..T..T.T..T................T..... 15
....T...T...T...T..T...T........T.........T......T.T...T.T.....T.....T..........TT..T.T...T...T....T 25
.T...T..T..T..........T.T..T............T.......T.T..T...T.T.T..........T..T.T.T.......T.T.......T.. 11
........T.....T........T.....T....T....T.T..T..TT............T..T.T......T..T.............T..TT..... 22
......T.........T.....................T.......T........T.......T..T.....T.........T..T....T......... 13
T..T..........TTT...TT.....T..T....T...T..T.......T.T...T..T.....T.....T..T.T.T...T.............T... 24
...T....T.T.T..........T..........................T.......T.........T....T....T.......T..T..T...T..T 12
T....TT......T..............T............T..T........T..T...............TT.T...T.T..T...TT.......... 21
.T.T.....T...T....T...T.T.T.........T.T........TT..T...T....T...T.TT..T.............T......T........ 17
T..........T.............TT....T..T..................T.T..T.T.....T................T..TT...T....T.T. 19
.T.....T.TT.T..T.T..........T....T.........TT....T..............T...T....T.T.T...................... 19
............T...T..TT...T.T...........TTT............T.TT...T.T.......T...TT....T.T.......T.TT....T. 16
...T....T.T......T.T........T.T.....T...T...T....T.T.............T..T..........T.....T..T........T.. 19
..T..T..............T.............T..............T..T...T.............T...........T.TT........T..... 16
.T.TT...T.......T...T....T.T.TT....T...T..T...................TT..T.T.T.T....T..T........T.......... 18
..T......T..T.T..T.....T.......T...T.....T...TT.......T....T..............TT.T...T.T..T...T..T.T.T.. 27
4 5 3 5 3 5 3 5 4 4 4 5 3 6 2 6 2 4 4 4 5 3 5 2 7 0 8 1 3 5 3 2 3 2 4 2 4 2 4 2 7 2 3 4 1 6 2 3 5 3 4 4 4 5 3 5 3 4 3 5 3 5 1 6 3 5 3 4 5 2 6 2 5 5 2 6 3 5 3 4 5 3 6 2 6 2 4 5 4 3 5 2 4 3 4 4 4 2 3 4 
