20 70
....T.T...T.......T...T....T..T..T.T...T..T..T.....T........T......... 16
........T....T..T...T.T.........T....T..T.....TT....T..........T...T.T 12
.T...T.T.T...........T..T.T..............TT.........T......T....T.T... 10
....T.....T..T.T...T..........T..................T......TT.....T.....T 18
T........T.T.........T....T......TT.T.......TT.....T.........TT.T..T.. 9
..T...T.T......T......T...T..T.........T..............T........T.....T 16
..T.T....T.......T......T.........T.......T....T.....T...T..T......... 11
.T....T........T.T.T..T....T............T.....T.......T..T.T.T......T. 14
....T.T....T......T.....TT....T.T....T....T...T....T.....T......T..... 11
.T...T.TT.............T...T....T.TT.....T..T....TT...........TT....... 13
..........T..TT.....TT...............T..T...T..T...TT.T.............T. 15
T..T....T.........T......T...T.......T.....T...............T.....T..T. 12
..T....T................T.................T....T..TT..T.........T.T.T. 15
.....T.....T..TT..T..T.TT.....T..TT.......T...T...T....T..T.T......... 13
..T.....T.......T..........T....T.TT........T......T.......T...T.....T 11
.....TT....T....T.T....T..T..T........T...T.T.........T..T..T....T.T.. 18
...T......T...............T.................T...T................T...T 7
.T......T......T.........................T.....T.....T...T..T......T.. 18
T....T......TT......T..TTTT..TT..T..T.T...T..TT....TT.......TT.TT..... 8
T..T....T...T....T...T.......T.T.T.T...T.T......TT....T..T.....T...T.T 23
3 6 2 5 4 5 3 5 3 6 1 6 3 4 3 5 2 6 1 4 6 2 6 2 3 5 4 4 4 1 8 0 7 2 5 2 5 2 6 0 6 3 5 4 4 3 6 2 6 2 2 7 2 4 2 6 1 4 3 6 3 4 5 4 5 4 2 6 3 5 
