20 70
.T...T.......T.....T...T.TT..T........T..T..T......T.T..T.....T..T.... 14
..T.................................................T...T...T...T....T 10
T...T....TT...TT.T..T.T...T.T.......T.....T............T.T...T......T. 16
..T.....T..T....T.......T..T......T...........TT............TT.....T.. 9
....T.T..T..T........T.T.T....TT......T...............T..........T.... 16
.T......T...............T.......T..TT...T...T.....T.T...T.TT..T...T..T 9
....T....T....T............T...........T............T................. 15
...T....T....T..T.T...T..T...T............T.T................TT...T.TT 14
T.T...T....TT.............T.....T........T....T.......T....T..T....... 11
....T..........T.....T.T....T....T...T...T.....T....T..........T..T..T 14
.......T..T...T...T..........T.............T.............T............ 12
T...T...T...T..T.....T.T......T.T..TT...T...T....T...T.T.T..T..T.T..T. 14
..T....T.T........T....T...T...T.......T.T..T...T..T.T........T....... 12
TT.T.........T.T.T..........T.T......T....................T....TT...T. 14
............T...T......T....T...T............T.T....T...T...T......... 10
..T.T..............T.T.............T..TT..........T..........T.T..T..T 15
....T...T..T.T...T...T....TT.T............T.....T...T.....TT...T...... 11
T.T...T.......T....T..T...T....TT.T..T......T..T..............T....TT. 15
............T.....T........TT...T.........T..T..T......T.T.T......T..T 10
.T...T....T....T.T....T.T.T.......T....TT..............T.T.....T...... 19
7 1 6 3 4 5 2 6 0 7 2 5 3 6 1 8 1 4 3 4 3 5 2 7 3 3 5 4 5 3 6 2 4 2 2 5 2 4 4 3 4 1 6 1 4 5 2 2 3 2 1 4 3 3 5 4 3 4 4 3 7 2 7 3 4 5 1 6 1 8 
