20 200
....T..T......T.T....T.T.T.....T....T.....T.T.....T.....TT...TT.T...T...T...T.......T..T....T..T.......T..T...T..T...T...T........T...T.........T...T.....T..T........T..T.............T...TTT......T... 39
.T.................T.T..T...T....T.............T..........T.T.....T.......T.........T.........TT.............T.T.......T....T.T..TT..T.T..T.T..........T....TT..........T.....T.T.T....T...........T...T 33
.....................T...T.T.......T..T...T..T..................................TT.....T...........T.T.....T....................T...T......T...T.T.....T......T..T.......T...T....T.............TT...... 35
....TT......T...T.......T......T.T..T...T.T..T....TT........T....T.....TT..........T..T...........TT....T.....TT..........T.......T....T.......T........T......T............T....T.......TT...T...T...T. 32
......TT.......T...T.T.....T.....T...........T...T........T....T......T..............T........T...................T.....TT..T.T......T...T..TT....................T...........T......................T.T 32
.....T.TT...T.....T.T.....T...T....T......................T...T..........T.....TT.......T...T.........T.......T.T................................T....T...TT....T........T...TT.........T..T.....T....T. 25
..........T......T.T...T.TT.T..T.....T.....T...T....T........T...T..T..T.T...................T.T.T......TT.T.......T...T.....TT..T.T.T.T..T.............T...T...............T.................T...T....T 47
T.....T...T.T............T.............T.....T..............T.T................T..T.T..T..........T.........T.T.....T.....T..T......T..........T..........T.....TT......T......T.T...T..T......T......T. 20
T.............T...T.T...T..........TT..............T...........T..T...T.T.................T.T...........TT......T.......T.....T....T........T...T.T................T........................TT....T...T. 39
..............T.....T..T...T..T..T....T....TT........T...T.......T...............T..T.........T....TT.T...............T.....T.T............T...........T.T..............T.T......TT.T.........T..T...... 28
.T......T.T....TT.T......T......T.T......T...TT..T.......T.............T..............T......T...T....T...T............T..T.T.................T..T...T.......TT..T.........T.TT..T.................T.... 26
.....T.....T.......T..................T.T...........TT..T.T......T.....T............T..........T............T.T.TT.......T...T.....T...........T...........T..T.....T.T.T.....T.....TT.....T.......T.... 38
T........T........T..TT..T..T............T..........T.......T.T...T..........................T.........TT..........T.........T...T....T......T..TT.........................T.T...............T..T....... 24
.............T...........T.....T.......T....T..............T.......T.........T.......T.T...T.T............TT....T...T.......T.T.............T..........T.........T.............TT.T....TT..T...T..T....T 34
...T.T.........T.T...T........T..T...........T.T...............T......TT.........TT..............T...............T.....T..T.........T.T.....................T...T.......T...........T............T....T. 29
.T.T.....T.....T......T.....T...T.....T...........T..........T..TT........T..........T.T.T..T.............T..T..T....T.T.......TT.T...........T...TT..TTT.T.T..............T...T............T..T...T...T 30
.....T...........T.....T.....T............TT.T.T............................T......TT.............T.T.......T...TT.T.......T........................T...T.................T........T.T.....T............ 31
.T....T..T............T.TTT.....T.......T...T.....T....T......T....T.....TT.......T.............T.......T...............T........T...T...........TT..T.......T...T.............T......T............T..T. 25
..T...T.T.......TT....T....T........T......T..T..........T.....T.........T.....T......T.......T.....T...TTT.....T.T.T..T....TT..T..T.........T......T......TT.T.T..........T............T........T.T.... 33
T....T...............T.T....T......T...T.....T...T..T............T....T.T.T..T.T...T.T.T.....T........T......T..T........T.....T.........T.......T....T.T....T...............T..TT.T...T...............T 42
6 1 3 1 3 4 4 4 1 6 1 1 2 4 1 6 3 3 6 3 5 5 4 5 5 3 5 3 5 4 2 5 4 4 2 3 2 4 2 5 2 5 2 5 3 5 3 4 1 4 3 5 1 2 0 2 1 3 5 1 7 0 6 2 6 2 5 2 1 2 3 4 5 4 0 3 2 1 1 3 2 5 3 5 4 3 6 3 1 1 0 2 5 2 7 2 4 2 4 2 2 3 2 2 6 2 4 4 4 4 4 5 2 7 1 4 1 2 4 3 4 4 5 2 6 3 5 3 4 2 5 3 6 2 1 5 2 2 0 3 4 4 1 4 6 1 5 2 1 3 4 3 4 4 5 0 8 1 6 2 6 2 2 0 1 0 0 2 2 4 3 5 2 6 1 8 1 6 2 5 2 2 2 2 3 4 2 2 5 1 6 1 3 4 4 6 2 4 4 5 
