20 190
........T.........T.T.T.T.....T.T.............T.......T.........T.................T..T....T........T..T..T..T.T...T.T....T.T.T............TTT...TT.T.T...T.....T...T.T....T..........T.......T 39
T.....T...T...T......T.......T....T....TT..T......T.........T......T........T...T...........T........T....T........T......T..T.....T..T.......T.....T.....T.....T.T.....T......T........T..... 28
..TT..................T.T......T....T...............T..........T........T..........T.........T....TT..........T....T..T.T.T.....T.........T............T......T...T...............T........... 33
....T.TT..T....T....T.....T...T......T.....T.T.T...TT.......T..........T.T.....T.........T.T.T..T.............T..TT...................T......T...TT..T.......T....TT.T.T....T..T..........TTT. 34
..T...........TT.....T....TT.....T.T...TTT...T...........T....TT.T..T.................T............T.T.............T...T.T.T............................T.T..T......T....T.T....T............. 18
.T.......T....T........T......T.T..............T.....T..........T...............T........T....T.................T...T....................T.T......T.T.............T...T.T......T.....T....T... 42
....T......TT..T........T...T......TT.....TT....T.......T.T.....T..T.T.....T.T..T................T............TT.........T....TT.....T.T.......T.....T..........T...T.....T.T...............T. 27
T.....TT...T......T....T....T...T........T.T..T.....T.T...T..T..........T....T..T..T..T.............T..T..T.....T...T.T.....T.........T.T..T.T..T..T....TT.......T...T.T....T...TT..T...T..T.. 43
T...T...T..........TT..............T...............T...T.......T.....T.T..T.......T.......T....T.T....T..T.......T..TT.......T...T.............T.T...T...T...T.....T........T..........T.....T 29
...T..T...T.............T.T.....T..T......T..........T......T.....T......T............T....T.............................T.T.T.....T......T.T..T...T....T.T.....T..........T.........T.T.T.... 38
.......T.T...T.TT...T.TT.T......T..........T....T......T........T..............T....T...T......T...T.........T......T.TTT.......T.......T.....T............T..T..T.....T...T...T..T........T.T 30
T.T.......T.T...............T............T....T...T.TT......T..T..T......T..TT..T....................T....T......T..............T....T..T.T..T........TT...........................T......T.T. 35
......T...........T..........T.T..T.T.......T................T....................T.T..T......T.TTT..........T..............T.....T....T........TT..T.......TT.....T.T.T.............T........ 35
...TT..............T.T...T.T......T...T.T......T..T...T......T......T.......TTT..........T.T...........T...T.............TT........T..................T....T....T..........T..T..T.T...T.T.... 25
..........T..T.T..T.........T.T.T...T.T...T.T..T...T...T........T....................T.T..T..T.......T.T......T..T...T.............................T..T...T....T..T.......T.T.....T.T........T 32
T.T...........T......T........T.............................T................TT..T.....T.....TT..TT..T......TTT.........T.T..T.........T.T.T....T....T.....T.....T............................ 29
.T........T...T.T..TTT..T.......T....T....T......T.T.T....T..T...........T......................TT..................T...T...........T.T...T..T....T.............T.....T..T.T................T. 31
...T....TT............T...T.............T.T.T.T.........T.T...T...T..T......T..........T...T...................T......TT........................TT......T.T.......T.T..T.........T.T....T..T.. 36
..T............T...T.........................TT....T...T.....T....T...T..T..T..T.T.....TT.......T......T...T.....T....T..T.T......T....T...TT..T...T.T....TT..T.......T...T.......T........... 28
T.......T.......TT....T.T....T..T...T....T...........TT...T...T...T.T...T....T.T.T..T.....T.TT.....T..T.TT...T.......T....T........TT....T...T......T........T.T............T............T...T 42
5 4 3 5 4 1 5 4 3 4 3 3 2 4 1 8 2 4 3 5 2 6 3 6 2 5 4 2 5 2 4 5 3 4 4 1 5 4 3 2 4 5 4 1 6 2 4 6 1 5 0 7 2 3 6 2 3 1 3 4 4 6 0 8 0 5 2 3 5 2 3 1 4 0 5 2 4 4 1 6 3 4 4 1 3 4 2 4 3 5 4 4 2 5 1 3 5 3 2 6 2 7 0 4 2 3 1 2 3 3 4 5 2 6 1 4 5 4 2 5 4 5 3 4 5 3 3 3 1 0 4 0 7 0 4 5 3 6 1 5 3 6 3 4 4 3 5 4 4 3 6 2 6 1 3 6 2 4 4 3 6 2 7 2 5 1 5 3 2 4 4 4 3 4 4 1 2 3 3 3 2 3 3 1 2 5 3 4 4 5 
