20 40
TT.....TT...T..........T.T..T.T..T....T. 11
.....T.....T.T..T...T.........TT..T....T 5
.T....T........T......T..T.............. 8
...........T........T......T.T...T.T...T 6
..........................T.....T.T..... 8
..TTT..T.T.T.T..T.T..T.T..T...........TT 8
......T...T......T..T.......T.......T... 9
.T..T.....T..T.....T.....T.............. 7
.T..........T........T..T.....T....TTT.. 9
.....T..........T.T.......T.T.T..T...... 8
T.T....TTT..T...T..TT..T.T............T. 8
..TT.....T...................T...TT...T. 4
....T.........T...T..T....TT..T.....T... 11
T...T.T.....T.T.........T.......T..T.... 6
...T...T..T.T...T......TT..........T..T. 10
...T...........TT...T.......TT.........T 7
...........T...........TT............TT. 8
T.....T....T.......T..........T......... 7
.TT..T...TT.T....T..TT....TT.....T...... 9
..............T.........T.T..T.T..TTT.T. 9
6 3 3 5 4 4 3 4 3 4 4 5 3 6 2 2 5 1 6 2 5 3 4 5 3 6 3 7 2 5 3 4 3 4 4 4 3 6 2 7 
