20 210
.....TT........T..TT....T...T.T......T.T......T..T...T.....T.T.....T.T.....T.T.T.................T......T......T.T.T.....T..T......T.T.T.T..........T......T..T.....T...T.....T............T.T.....T.........T..T. 57
T......................T..T...........T...TT......T...T........TT...T...T.T..TT......T........T.....T.....T.....T...T.TT.TT...............T.T........T..T.................TTT..........T....T...T....T............ 20
T..T..T..............TTT................T.......T...T...T.........T...T.......T...................T.....T..T...T.......................T....T.T.......T....T.....TTTT.............T.........T.T.T..T......T....... 34
................................................T...T............................T..................T.......T.TT..T.........TT.......T.............T.TT................T..T.T.............T...................T... 18
.T.T................T..T.T.......T....T.........................T.T.T.T...T........................T...T.T......T..T..T.T.....T...........T............T..T.....................T....T.....T.T.T...T.............. 30
TT...T..T..........................T.....T.......TT..T..T..T.............T...........T....T......T.......T....T........T....................T......T.T...........T...T................T..........TTT.T..T......TT. 36
....T....T...............T..................T.....T..............T....T.........T...T.T.............T.......T......T..............T...T.T.....T.T...............T...TT...TT..T.T..........T..T...............T.... 24
...T...T............T...T........T....T.....T..T......T........T........T..T..T.....T.............T......T........T..TT..T..T..........T...TT.....T.......T.....T......................TT....T.T.T.............T.. 38
T.....................T.T........................T.TTT........T...T.......T.TT....T......T...............TT.T..........TT..T....T....T..T....T..T....T..T..T...T....................T................T.......T.... 23
..T.T......................T....T....TT....T.....T................T.......................T...T.............T.T....T......T...T..T....T..T.............T..T............T...T..T.T...T...........T....T......T..... 32
T.......T.......T.........T....T.......T...............................T....TT.T..........................T.T..............T..........T.......T.....T...............T...TT..T...............TT.........T.....T.... 23
........T................T.........T.......T.........T..........T.T.......T..T...........T.....................T......T.....T..T....T..........T.T...T......................T.T..T.......T.TT....T............T..T 30
............T...T....T...T....T....T..T..T......TT........T.................T........T...T.................T.T..T...T.........T..T...T.....T..T.......T.T........T...T.................T.T...........T.......T.... 26
..T........T.T..................TT............T...TT.....T.....T......T....................T......................T...T..T............T..T.......T.T.T....T.......T....T......T.................T.T...T....T...T.. 32
T...T.....T.T......T.................T....T......................T....T.TT....T.......T..T..........T.........T.T...T.................T.T..TT...........T........T..T....T...............T....T....T.............. 25
......T.T.......TT...TT.T.....T.T.TT...T..T......TT..T.....T........T..T...TT.........TT...................TT.T..T.....T.T.TT....T..........T...T.T....T...T.T..............T..T.T.T.......T..T.T.........T...T... 41
...............T...T....................................T......T.......T......T...T.....................T...........T..T.......TT...T...........T......T................T...................T......T........T..... 24
T.T...T..T...........T..T..T.T..T............T...............T..TT......T...............TT.................TT...............T...T..TT.T...T...T.T...T........T...T.......T..............T..T........T..T..T....... 42
..T..T...............T....T..........TT.......T....................TT..T.T..T...................................T.T..TT....T.....T....T.TT...T..T....T....T....T.....T....T........T.....T.....T...........TT..... 20
T..T....T.........T....T...T..T.T.T...T....T......T...........TT..................T........T....TT.T.......T.T.T...T.T....T.T...T.........T...T...T...T.T........T....TT...............T..T.T.....T..T............ 50
7 2 4 5 2 5 1 5 4 1 2 0 3 0 0 0 4 1 2 4 4 3 4 1 5 4 6 2 1 2 2 4 0 6 2 3 3 3 3 6 2 1 3 3 2 2 1 4 4 4 5 3 5 3 1 3 1 1 3 0 3 0 4 1 6 2 6 3 2 2 3 5 4 5 3 6 2 4 2 5 2 2 1 2 1 1 4 2 2 3 5 0 0 0 0 3 0 1 3 2 3 2 0 3 2 3 6 4 4 2 7 1 8 1 7 2 6 3 4 6 1 6 3 3 4 5 4 2 2 2 3 2 5 1 7 3 6 2 5 5 2 7 2 5 1 5 1 8 1 6 4 4 5 3 6 0 0 0 2 4 4 1 3 2 1 7 2 6 2 6 1 4 4 2 3 1 3 0 3 0 3 1 2 2 5 2 4 5 4 5 4 3 4 4 4 3 5 2 4 0 2 0 1 3 4 4 4 2 2 2 
