20 70
.T..........T.....T.TT.....T......T.T.T.T......T..T..TT.T............. 18
......T.T..TT...T...T.......T.TT..........T...T.....T......T.T....TT.T 12
...TT............T......T.....T....T.....T.........T....T............T 10
....T.T.T.....T.T.......T..T.......T..........T..T...T.....T.....T..T. 18
T..T.....................T.T....T.T.TT......T.......T.......T.T..T.... 11
.....TT.......T.T...T....T................T.....T....T.T.TT.T......T.. 13
T...........T........TT.T...............T.TT....T.T..........T.T...... 16
..T..T....T........T...T....T....TTT..T......T...................T..T. 11
T.......TT..T.T.T.............T..T....T.......TTT.T..T..T..T.........T 13
....T..T......T...........T....T............T................T.T..T..T 11
..T.T.....T.T..T..T.TT..T....T.......T..T.....T...........T........... 18
....T............T.........TT.T.T.....T.........TT.T.....T.....T...T.. 7
...T....T.....TT...........T....................T..T...T....T.......T. 17
......T....T.......T..T..........T..T....T..T...T......T.......TT...TT 14
.T.....T........T......TTT....TT.....T.T..................T........... 10
T..T.T...T....T....T.......T...........TTT.........TT.......T...TT.... 12
..T.......T.T...T.....T..........T.T.........T......T....T.....T...... 14
T.....T.......T...T.......T....T.....T......T..T.......T....T.T.....T. 11
..T..T.TT....T........T..T...TTT..T.......T.......T.......T.......T... 13
....T.T...........TT........T..........T..T..T..T...TT........T....T.. 15
5 3 3 6 2 7 2 7 0 7 1 5 3 5 2 6 2 7 2 2 6 1 5 2 5 3 4 5 4 4 4 5 3 4 4 2 5 3 4 4 2 5 2 4 4 4 1 5 3 6 2 6 4 3 3 4 3 3 5 2 4 3 4 3 5 3 4 3 7 3 
