20 230
....T.T.T.....T..........T..T.....T..T.T.T.......................T....T.....T..TT...T..T..........TT..T....T.T...T...........T...T..T.T.....T..T..T.T.T....T.T.....TT.TT....T.T...TTT......T..T....TT..T...................T.T........ 41
...TT.T...T.....T.....T....T..T...........T..T.................T...T....T...................T....................T..........T...........T........T......TT........T......T.......T.....T.....T....T......T....T..........T............ 36
..T.........T........T......T....T...TT.....T............................TT.T.........T...T.....T.........T....T.............TT....T..T........................T.......T........T.........T.....T..........T....................T...T. 23
.......T..T..T....T...T.......T..T..T..T.T...........T.....T..T..............T..TT...T.......T.........T..........T.T.............T..T...T..T.T........T....T.T.......T...T..T..............T......T...T..........T.......T.T.T....... 48
...............T......T....T.......T.........TT......T.........T.T..TT.......T.........T.T.T..T...........T.T.....T..........T.....T......................T....T....T..T....T...T..T....T...................T......................T.. 25
..T..T....T.....T........T..........T..T..T..T..........T.........T....T.TT........T.T..T........................T..T.T......T..T.T.....T.TT..T..T...T..T....T...................T............T..........T...............T.TT...T..... 42
....T......T....T...T....T.....T......T..T.......T...............T..T.....T..................T.T........T..TTT............T..........................T.......TT.TT...TT............TTT...........TT.......T..T..T...T..TT............. 34
...T...T........T.T........T.TT.......T........T...................TT.T........T.............T...............TT.T.T...T...T.....T...T..TT.T....T.T.........T....T.................T.........T...T.........................T........TT. 41
........T........T....T.T...T.....T.T.......T.......T....................T.....TT..T..T....T...T..T....T............T...T..T..TT...T.T.......T..T..T.T...T.......T.T.......T.T.T....T.................T..............T.............T.. 37
...T.T..TT..T...........T......T..T.....T..TT......TT...T.....T.........T..........T....T........T.......T.........T.....................T...........................T..........T..............T.......T...................T...T...... 30
....T...................T....T...T..T...T.T......T.....................T....TT.T..T...........T..T....T......T..T..T..T...........T...T........T.TT.....T....T..T...TT.......T....T..T............T.....T....T...........T.....T...T.. 30
..........T..TT...T...T..........T...........T................T...T....................T.T..T........T...T..T..................T.......T..........T............T...........TT....T.T..........T..T.T.........................T.......T 35
....T.T.T......................T...T..T.............T....T.........T...T..T........T....T.......T........TTT.T...........T...T..T..T..........T...T.........T...T...T..T.........T........T.............................T...T..T..T.T. 41
....T..T..........T...T...TT............T.T..T................T...T.....T......TTT............T.............T................T....T....T...T.TT..........T.T...........T.TT.T.T...........T...T...............................T...T..T 27
....T....T...T.........T.....T.T..T..T...............T..........T....T.....TTT..T..T.T......T...........T......TT....T................T..T...............T.....T.............T.....T......................T.T.........TT...........T.. 34
.....T.............T.......T.......T.......T.....................T......T..........................................T.T..........T..T...T.....T...T.........T....TT....T......T.T..........TTT.T...TT......T................T...T.T.... 26
............T............T...............T......T......T.............T...T..........T.........T...T.......T..T.T...............T.....TT....T..T......T........T.......T..................T.....T.........T..........T....T...T......T. 34
.........T..........TT...TT......T.T.....T..T........T.......T........T.........T.....T....T..................T..T.............T.T.....T..........TT.....T.T..........T..T.T..T.....T......T.....T................T........T.T........ 37
...T......T.T.................TT..T.........T.T........T.....................T..T...T.......T....T.TT.......................T.T.....T...T....T..T.T.....T.T....T.T...T....T.T...TT..............T..............................T...T.. 27
TT..T.T.T.....T..T.T.T.T...T.........T........T...T.T....T...................TT.......T.TT............T...T.T..TT...T.....TT.T.T.T....T.T.T...T.....T........T....T.....T..........TT.......T.T.......T..........T...T..T...TT........ 53
1 0 2 7 1 8 1 7 2 6 3 1 6 3 2 4 0 4 2 3 2 2 7 2 5 4 3 3 5 3 2 4 4 2 7 2 7 3 3 3 4 1 8 1 6 4 3 2 1 1 0 2 2 4 3 2 1 1 1 1 0 1 4 2 1 5 2 5 2 3 4 2 5 0 6 1 5 4 3 4 4 3 4 3 5 2 6 1 4 2 3 4 1 5 2 4 0 4 3 2 2 2 0 1 5 0 8 0 8 1 7 2 5 4 3 3 3 3 3 0 0 2 2 2 5 3 5 4 2 7 2 6 3 4 5 3 6 4 1 5 2 6 2 7 1 7 2 4 1 5 0 3 1 6 3 3 5 3 3 6 2 4 4 3 4 5 4 4 2 4 2 3 5 4 3 5 3 6 2 6 2 4 0 0 2 2 1 3 3 4 0 9 0 7 2 4 0 2 0 2 4 1 4 1 1 3 0 1 0 3 1 1 0 1 4 0 4 3 6 3 4 2 5 3 3 2 4 1 6 2 
