20 140
...T.......T.....T..T..T..TT...T.T...T..TTT.T........T....T........T..........T.................T.T....T......T..T.T..T...T...T...TT.....T.. 37
.T......T....T..T.................T.........T....T.........T.T.T.......T.T...T......T.T..T.T.T....T..T..T................T.............T.... 18
.............T..T.T.T...T..T..T..T......T......T.......T..T.T.T.........T....T...T..T....T.T...........T.........T..T.T.T.......T.......T... 26
.T......T.T.......T.........................T....T.T..T...T......T.T...T...........T............T...T......T...T..................T........T 16
.T............T.................T...T...T.T..T....T...........TT...T..................T.......T...T.....T......T..T.T...T..T............TT.. 28
..T.....T...T..T.T.T.....T..TT...........T.....T....T..................T.........T.TT....T....T.......TT.....T......T............T....T...TT 19
..T.........T.........T.....T....T.T..T...........T...T...T.T.T.......T.........T.......T.T......T..T....T......T.T...T...T................. 30
.....T..T...T............T..T.T.........T.T.T.........T...T........T.......T......T.....T.T.....T......T...TT.T...T...TT...T..T.......T.T... 16
........T.T..T....TT.T...........T...T.....T.TT...T.......T.....T.....................T.....T......T.....T...........T....T....T..T...T..... 31
.T.TT..........T........T.T...T...T..........................T..T.................T.T....T.....T..T..........T.............T........T...T..T 18
..........TT.....T.T..T......T..T......T.T..........T.....T........T........TT.......T......T...T....T....T.......T................T........ 23
........T.T.......T....T...T...T...T........TTT...T.....TT.TT.T.......T..................T.............T....T..T.....T..T........T.T.T..T... 24
.................T.......T.......T..........................T...T..T..............T...T...........T..T.T..T..........T..........T..........T 17
..T..T.........T.....T.....T......T..T.T...T...T...T..................T........T.....T.......T....T.....T.....T.......T....................T 23
T........TT..T.......T...................................T....T..................T...TT............T.......T.......T....TT.T.....T...T...... 20
...T.......T......T........T.TT...T..T...TT...T...T..T.....T.....T................T.............T....T.T.T...T.T.T.............T....T.T..... 28
......TT......T....T...TT........T...........TT...........T...T.T....T...........T...T...T..T....T..............T.....T.......TT...T.T...T.. 19
......T.T.......T........T.........T...T...T.............T........T.T......T.....T...TT.T.........T.TT.T...T...............TT..........TT.T. 28
.........T.........T...T..T....T....T...TT......T.......T.......T.T.T...T.....T.....T....T..TT.........T.....T.T.T..T...T............T...... 14
.....T.......T..TT..T.T.T.T..T.T...T.T......T...T.T......T..T..T..............T..TT.......T....TT..T...T.T...........T.T.T..T..T...T.......T 43
2 5 2 2 2 2 2 2 7 2 4 5 1 6 0 7 2 6 3 4 5 1 6 1 4 6 4 2 5 3 4 4 4 6 3 4 2 5 3 2 6 3 4 4 3 5 2 6 2 6 3 1 2 3 0 4 3 6 2 5 3 3 6 1 7 1 5 3 3 3 1 4 1 1 1 1 3 2 2 2 3 3 4 4 5 4 4 4 2 8 1 3 4 4 1 3 4 5 2 6 3 6 2 4 6 3 6 1 3 4 1 8 0 2 6 2 4 5 2 6 4 4 1 7 0 2 3 3 5 2 4 2 4 1 7 1 5 3 3 6 
