20 160
.......T...T....T...T.TT..T.T...T.......T..T.T..T.T.T.T.T..T.T.......T.TT...T...T....T...T.....T..T..T.T.T....T...................T....T..T.T..TT......T.T.T...T 43
T.T..T.....................TT.T...T...........T...............T.....T........TT...T.........TT.......TT...T......T.T...TT..T...T.T.......T..T.......T.TT........ 30
.T.T..T.T.T.T.TT...T..T.T.............T.T..........T....T...T....TT.......T.....T.T....T......T..T..T...T...T....T.....T.....TT....T..T....T.......T.T.....T..T. 30
..T............T............T....T.T..T..T......TT...T.T.T.....T............T.......T...T....TT..............T.....T.T...T........T....T.....T..T.......T.T....T 31
.....T....T..........T....T.T.......T.......T.....T..T.......T......T...T.TT...T...........T......T.T.........T.......T....T.T......T....T...TT...............T. 33
T.....T.T....T..T......T..T..........T..T.......T..........T......T..........T.T...T...TT...T...T.T......T......T...T.................T...T..........T......T..T 29
..T.TT..T..T.........T.......TT...TT.T......T.......T...............T....T...........T......T........T.TT....T..T.T..T..T........T.T...T....T....TT.T..T.T...T.. 31
T.T..T.........T..TT..T.....T...T.............T......T......T.......T...........T.T.T..T.........T.....TT.................T.T.....T..T......T.T.......T......T.T 29
.....T....T.T..T......T.T..T...........TT.T..T...T......T......T.......T.............T.....T...T...T.......TT.T..T.T..T.......T......T.T...T....T..T.....T...... 32
.......TT.....TT....T.....T...T...TT...T.....T......T......TT...T.T..T....T.T.T................T.............................T.......T.................T........ 27
....TT...T...................T.T................T.T.T..T...........TT.....T.T....TT...T..T...TT.T.T..T...T......T.......T..T............T...T.............T..... 29
........T..T...TT..T...T....T..T.T.T..T....T.T..T.T.....T...T..T........T.T............T.......T...T...T......T....T.T....T..T...T..T...T..T.......T.....T..T..T 31
.T....T..T.............T...T......T...........T.................T...T...........TT....T..T...T.........T...T.....T.T........T..T.T..T.....T.T..T...T..T.....T... 29
...............T.....T.......TT.....................T.......T.......T.........T.......T........T.T........T.T.........T..T............T......T.T......T.......TT 26
T...T...T....T...T..T.T.T..............T.T...T......T.T......T......................T.....TT...T........T..T.................T...T......T............T.......... 23
.........T.....TT.........T..T...T..T.....T..T.......T..TT...T......T..........T...T........T........TTT........T..T.TT...............T..T.......TT...T..TT..... 28
T......T............T....T......T.....................T.....T..........T...T....T...T...T.T............T.......TT......T....T..............T...T......T.......T. 28
............T......T........T.T........T.......T.................T...TT.....TT.T.T........TT.....T.T.....TT.T.......T..T.T.T..T..T.TT...T....T......T........T.. 24
..T..T....TT...........T............TT....T.T..T..T.T......T....T.T...............T....T....T...T........TT...T..T..T.................T.........T......TT.TT...T 31
..T.T..........TTT.T.T...T.T.T..T.T.....T......T....T...T.T..T.....T.....T..T.T......T.............T.T........T...T..............T.T.......T..T.T.......T...T... 39
5 4 5 3 3 3 5 2 5 4 5 1 7 1 4 5 3 6 3 3 6 3 3 5 4 4 5 5 5 4 3 3 4 3 6 2 6 1 6 3 1 6 2 3 3 3 5 5 2 4 3 5 2 5 3 4 4 5 1 4 3 5 3 4 2 1 6 3 6 2 3 3 2 4 3 4 4 4 4 4 4 3 3 4 4 4 3 5 2 6 1 5 4 5 3 6 2 5 1 4 6 2 7 2 6 3 6 2 5 3 3 5 3 4 2 7 2 3 5 3 4 4 2 5 3 3 4 2 2 7 1 5 4 2 5 3 5 3 3 6 3 5 4 4 4 3 5 1 3 4 5 3 7 1 7 1 4 5 2 8 
