20 80
.T.......T.....T......T...T.....T..T......T......T..T.TT..T........T...T....T..T 20
T.T........T.T....T..T......T..T..T....T....TT...........T..T.............T..... 12
........T...T..T.......TT..............T...T.....T...T....T......TTT....T.....T. 17
..T..TT..T..T.T..TT.....T..T.T...T..TT..........T.....T.....T......T....T......T 15
.......T..............T...T.T..T....T.....T..T..T..T........T..T....T....TTTT... 17
..TT.........T...........T...T......T...T..............T..T......TT.....T....... 15
TT....T...T.....T..T.T....................T...T.T.......T......T...........T.... 15
........TT.T.....T.T......T......T.....T..........T...T...T......T.T.T..T.....T. 15
..............T......T..T.......T..T.T.....T.........T..T........T...T.T.......T 14
T..T..T........T.T..T..T...T.TT...T...T..T.....TT....T......T.........T......... 14
.T.....T..T...T....TT.....T.......T....T.....T....T.....T.........T.........T..T 18
....T...T......T.......T.......T.....T......T..T..........T........T.T.T.T...... 12
....T.............T.........T..T....................T.....T......T......T..T.... 9
...T..T..........T...T.T....T.T...T.......T..T...TT.TT..T..T...T......T........T 19
T..T.....TT......................TT...T.T.T.................T......T.T...TT..... 13
.....T............T....TT..T...........TT.....T....................T............ 14
T.......T....TTTT....T........TTT.........T.....TT.T..T..T..TT....T.......T..T.. 16
.........T.........T.......TT.......T..T...T...T....T................TTT....T... 14
..TTT......T.........TTT..T....T.............T..TT....T.TT.....T.....T.......T.. 18
T......T......T.T..............T..T.TT.T.T......T.......T..T.....TT......T.T...T 18
6 2 6 3 4 3 4 2 5 3 4 2 3 4 3 5 3 5 2 6 2 6 4 3 6 2 6 3 4 5 2 6 3 5 2 5 3 4 5 3 5 4 3 4 2 2 5 3 6 4 4 3 5 2 5 4 3 5 2 6 3 3 3 1 4 4 4 5 4 5 3 6 3 5 2 5 2 4 5 3 
